Timestamp,Email address,Google_Score,Name,IITP webmail,Phone (10 digit only),Score_After_Negative,Roll Number,Unnamed: 7,Unnamed: 8,Unnamed: 9,Unnamed: 10,Unnamed: 11,Unnamed: 12,Unnamed: 13,Unnamed: 14,Unnamed: 15,Unnamed: 16,Unnamed: 17,Unnamed: 18,Unnamed: 19,Unnamed: 20,Unnamed: 21,Unnamed: 22,Unnamed: 23,Unnamed: 24,Unnamed: 25,Unnamed: 26,Unnamed: 27,Unnamed: 28,Unnamed: 29,Unnamed: 30,Unnamed: 31,Unnamed: 32,Unnamed: 33,Unnamed: 34,statusAns
07-07-2021 14:10,abhijeetsingh3101@gmail.com,140 / 140,Deepti Shakya,abhijeet_1901ee75@iitp.ac.in,8377094336,112.0/112.0,ANSWER,Option A,Option D,Option B,Option C,Option B,Option C,Option D,Option D,Option A,Option A,Option C,Option A,Option D,Option D,Option B,Option D,Option C,Option D,Option B,Option D,Option A,Option A,Option A,Option D,Option D,Option A,Option C,Option D,"[28, 0, 0]"
07-08-2021 12:18,ellen_booth4939@atink.com,55 / 140,Ellen Booth,ellen_booth9706@iitp.ac.in,7785862435,12.0/112.0,1401ME61,Option A,Option D,Option B,Option C,Option B,Option B,Option A,Option B,,Option C,Option C,Option B,Option B,Option B,Option B,Option D,Option C,Option D,Option C,Option B,Option D,Option B,Option B,Option C,Option B,Option A,Option A,Option B,"[11, 16, 1]"
07-08-2021 12:18,rachael_selby9175@acrit.org,100 / 140,Rachael Selby,rachael_selby7861@iitp.ac.in,9984503025,64.0/112.0,1401CS40,Option A,Option D,Option B,Option C,Option B,Option C,Option A,Option D,Option B,Option A,Option C,Option C,Option D,Option D,Option B,Option B,Option C,Option D,Option D,Option B,Option A,Option B,Option A,Option D,Option B,Option A,Option C,Option D,"[20, 8, 0]"
07-08-2021 12:19,rowan_knott5318@deons.tech,25 / 140,Rowan Knott,rowan_knott132@iitp.ac.in,9799319607,-4.0/112.0,1401EE17,Option A,,Option C,,,Option D,Option D,,,,Option A,,Option C,,Option A,Option A,Option C,Option C,,Option C,Option B,Option A,Option B,Option B,,Option A,,Option A,"[5, 12, 11]"
07-08-2021 12:19,abdul_rowe197@muall.tech,40 / 140,Abdul Rowe,abdul_rowe997@iitp.ac.in,9131454766,6.0/112.0,1401ME10,Option D,Option D,Option B,Option D,Option B,Option B,Option D,,,Option A,Option B,,Option D,Option C,Option A,,,Option D,Option C,Option B,Option B,,Option B,,Option C,Option C,Option B,Option D,"[8, 13, 7]"
07-08-2021 12:19,henry_spencer7982@dionrab.com,45 / 140,Henry Spencer,henry_spencer2064@iitp.ac.in,7378293221,12.0/112.0,1401ME69,Option A,Option D,Option B,Option C,,Option D,Option D,Option C,,Option D,Option B,Option D,Option C,Option C,Option B,Option A,Option B,Option D,,,,Option B,,Option C,,Option A,Option B,Option D,"[9, 12, 7]"
07-08-2021 12:19,livia_ianson9590@famism.biz,100 / 140,Livia Ianson,livia_ianson3962@iitp.ac.in,9518769455,66.0/112.0,1401CS31,Option D,Option D,Option B,Option C,Option B,Option C,Option D,,Option A,Option A,Option C,Option A,Option D,Option D,Option D,Option C,Option C,Option D,Option B,Option B,Option A,Option B,Option A,Option D,Option B,Option C,Option C,Option D,"[20, 7, 1]"
07-08-2021 12:19,charlize_driscoll1025@corti.com,90 / 140,Charlize Driscoll,charlize_driscoll3045@iitp.ac.in,6304699592,68.0/112.0,1401CS15,Option A,,,Option C,,Option C,Option D,Option D,,,Option C,Option A,Option D,Option D,Option B,Option D,Option C,Option D,,,,Option A,Option A,Option D,Option B,Option A,Option C,Option B,"[18, 2, 8]"
07-08-2021 12:19,danielle_ellison9701@dionrab.com,35 / 140,Danielle Ellison,danielle_ellison1492@iitp.ac.in,8171611219,6.0/112.0,1401EE32,Option D,Option D,Option A,Option C,Option A,Option C,,,,Option B,Option A,Option A,,,,Option A,Option C,Option D,Option A,Option C,Option B,,Option A,,Option A,,,Option B,"[7, 11, 10]"
07-08-2021 12:19,chadwick_john5137@zorer.org,105 / 140,Chadwick John,chadwick_john1030@iitp.ac.in,8922824586,82.0/112.0,1401CE04,Option A,,Option B,Option C,,Option C,Option D,Option D,,Option A,Option C,Option A,Option D,,Option B,,Option C,Option D,Option B,Option D,Option A,,Option A,Option D,Option D,Option A,Option C,Option B,"[21, 1, 6]"
07-08-2021 12:20,gil_carter2776@gompie.com,90 / 140,Gil Carter,gil_carter3805@iitp.ac.in,9321640810,58.0/112.0,1401CS68,Option D,Option D,Option B,Option C,Option B,Option B,Option A,,,Option A,Option C,Option A,Option D,Option D,Option B,Option C,Option C,Option D,Option B,,Option A,Option A,Option B,Option D,Option A,Option C,Option C,Option D,"[18, 7, 3]"
07-08-2021 12:20,daphne_speed306@vetan.org,130 / 140,Daphne Speed,daphne_speed3415@iitp.ac.in,9783460636,100.0/112.0,1401CE61,Option A,Option D,Option B,Option C,Option B,Option C,Option D,Option D,Option B,Option A,Option C,Option A,Option D,Option D,Option B,Option D,Option C,Option D,Option A,Option D,Option A,Option A,Option A,Option D,Option D,Option A,Option C,Option D,"[26, 2, 0]"
07-08-2021 12:20,caydence_camden1581@naiker.biz,20 / 140,Caydence Camden,caydence_camden8370@iitp.ac.in,9569921982,16.0/112.0,1401ME80,,,,,,,,,,,,,Option D,,Option B,,,,,,,,,Option D,,Option A,,,"[4, 0, 24]"
07-08-2021 12:20,elijah_sloan9903@famism.biz,45 / 140,Elijah Sloan,elijah_sloan1477@iitp.ac.in,9369060898,20.0/112.0,1401ME83,,Option D,,,Option D,,Option D,Option D,,,Option C,Option B,Option B,,,Option B,Option C,Option D,Option C,Option D,,Option B,,Option D,Option A,Option C,,Option D,"[9, 8, 11]"
07-08-2021 12:20,madison_parsons1820@twipet.com,60 / 140,Madison Parsons,madison_parsons5146@iitp.ac.in,7903619453,16.0/112.0,1401ME52,Option C,Option B,Option B,Option B,Option B,Option B,Option A,Option D,Option B,Option B,Option C,Option D,Option B,Option D,Option B,Option B,Option D,Option A,Option B,Option B,Option A,Option B,Option A,Option D,Option B,Option A,Option A,Option D,"[12, 16, 0]"
07-08-2021 12:20,gil_savage9073@bungar.biz,100 / 140,Gil Savage,gil_savage2177@iitp.ac.in,9809925873,74.0/112.0,1401EE58,Option A,Option D,Option B,Option C,Option B,Option C,Option D,Option D,,Option B,Option D,Option D,Option D,,Option B,Option D,Option C,Option D,,Option D,,Option A,Option A,Option D,Option D,Option A,,Option D,"[20, 3, 5]"
07-08-2021 12:20,vicky_stubbs4593@typill.biz,25 / 140,Vicky Stubbs,vicky_stubbs5534@iitp.ac.in,8235880406,8.0/112.0,1401EE56,Option D,,,Option C,,,Option C,Option B,,,Option D,Option A,,,,,,Option D,,Option B,,Option B,Option A,Option D,,,,,"[5, 6, 17]"
07-08-2021 12:20,gemma_murray759@jiman.org,105 / 140,Gemma Murray,gemma_murray2055@iitp.ac.in,7497080070,82.0/112.0,1401ME07,Option A,Option D,Option B,Option C,,Option C,Option D,,Option A,Option A,Option C,Option A,Option B,Option D,Option B,Option D,Option C,,,Option D,Option A,,Option A,Option D,Option D,Option A,Option C,,"[21, 1, 6]"
07-08-2021 12:20,mark_cann5224@liret.org,95 / 140,Mark Cann,mark_cann3732@iitp.ac.in,7828975562,72.0/112.0,1401CS63,,,Option B,Option C,Option B,Option C,Option D,Option D,Option A,Option A,Option C,Option A,Option B,,,Option D,Option C,Option D,,,Option A,Option A,Option A,Option D,Option D,Option A,Option A,,"[19, 2, 7]"
07-08-2021 12:20,sage_harvey3237@hourpy.biz,110 / 140,Sage Harvey,sage_harvey4650@iitp.ac.in,9935432597,78.0/112.0,1401ME42,Option A,Option D,Option B,Option C,Option B,Option C,Option D,Option D,Option A,Option A,Option C,Option A,Option D,Option D,,Option C,Option C,Option D,Option B,Option B,Option D,Option A,Option A,Option D,Option A,Option A,Option A,Option D,"[22, 5, 1]"
07-08-2021 12:20,barney_reynolds8711@vetan.org,80 / 140,Barney Reynolds,barney_reynolds9394@iitp.ac.in,7011906773,54.0/112.0,1401ME71,Option A,Option D,Option B,Option C,Option B,Option C,Option D,,,,Option A,Option A,,,,Option C,Option C,Option D,,Option D,Option A,Option B,Option A,Option D,Option B,Option A,Option A,Option D,"[16, 5, 7]"
07-08-2021 12:20,leslie_leigh2496@mafthy.com,135 / 140,Leslie Leigh,leslie_leigh4954@iitp.ac.in,6386744796,106.0/112.0,1401CB51,Option A,Option D,Option B,Option C,Option B,Option C,Option D,Option D,Option A,Option D,Option C,Option A,Option D,Option D,Option B,Option D,Option C,Option D,Option B,Option D,Option A,Option A,Option A,Option D,Option D,Option A,Option C,Option D,"[27, 1, 0]"
07-08-2021 12:20,roger_barrett275@bretoux.com,65 / 140,Roger Barrett,roger_barrett9587@iitp.ac.in,8447298144,44.0/112.0,1401EE15,Option A,,,Option C,,,Option D,,,Option A,Option B,Option D,,,,,Option D,Option D,Option C,,Option A,Option A,Option A,Option D,Option D,Option A,Option C,Option D,"[13, 4, 11]"
07-08-2021 12:20,kaylee_ranks6910@qater.org,135 / 140,Kaylee Ranks,kaylee_ranks3489@iitp.ac.in,8382819704,106.0/112.0,1401CS66,Option A,Option D,Option B,Option C,Option A,Option C,Option D,Option D,Option A,Option A,Option C,Option A,Option D,Option D,Option B,Option D,Option C,Option D,Option B,Option D,Option A,Option A,Option A,Option D,Option D,Option A,Option C,Option D,"[27, 1, 0]"
07-08-2021 12:20,barney_vass9807@deons.tech,140 / 140,Barney Vass,barney_vass75@iitp.ac.in,7016101839,112.0/112.0,1401CS44,Option A,Option D,Option B,Option C,Option B,Option C,Option D,Option D,Option A,Option A,Option C,Option A,Option D,Option D,Option B,Option D,Option C,Option D,Option B,Option D,Option A,Option A,Option A,Option D,Option D,Option A,Option C,Option D,"[28, 0, 0]"
07-08-2021 12:20,david_goldsmith6463@jiman.org,125 / 140,David Goldsmith,david_goldsmith6231@iitp.ac.in,7719416361,96.0/112.0,1401CS14,Option A,Option D,Option B,Option C,Option B,Option C,Option D,Option D,Option A,Option A,Option B,Option A,Option D,Option D,Option B,Option D,Option C,Option D,,Option C,Option A,Option A,Option A,Option D,Option D,Option A,Option C,Option D,"[25, 2, 1]"
07-08-2021 12:20,joseph_adams6387@zorer.org,80 / 140,Joseph Adams,joseph_adams5568@iitp.ac.in,9284978953,62.0/112.0,1401EE27,Option A,Option D,Option B,Option C,Option B,Option C,Option D,,,,,Option A,,,,,Option C,Option D,,Option D,,,Option A,Option D,Option D,Option C,Option C,Option D,"[16, 1, 11]"
07-08-2021 12:20,dakota_lewis5177@cispeto.com,70 / 140,Dakota Lewis,dakota_lewis3583@iitp.ac.in,9182589196,46.0/112.0,1401EE36,Option A,Option B,,,,,Option D,,Option A,,Option D,Option A,Option D,Option D,Option B,Option D,Option D,Option D,Option A,Option D,,,Option A,Option D,,Option A,Option C,Option B,"[14, 5, 9]"
07-08-2021 12:20,violet_crawford7748@mafthy.com,140 / 140,Violet Crawford,violet_crawford9473@iitp.ac.in,7380481132,112.0/112.0,1401CS78,Option A,Option D,Option B,Option C,Option B,Option C,Option D,Option D,Option A,Option A,Option C,Option A,Option D,Option D,Option B,Option D,Option C,Option D,Option B,Option D,Option A,Option A,Option A,Option D,Option D,Option A,Option C,Option D,"[28, 0, 0]"
07-08-2021 12:20,molly_vinton5056@corti.com,70 / 140,Molly Vinton,molly_vinton9714@iitp.ac.in,9129672511,54.0/112.0,1401CE47,,,Option B,Option C,,Option C,Option D,Option D,,,,,Option D,,Option B,,Option C,Option D,,,Option A,,Option A,Option D,Option D,Option A,Option B,,"[14, 1, 13]"
07-08-2021 12:20,noah_knott432@ubusive.com,75 / 140,Noah Knott,noah_knott6570@iitp.ac.in,6309828611,44.0/112.0,1401CE29,Option D,,Option B,Option A,,Option C,Option D,Option D,,Option A,Option D,,Option B,Option B,,Option C,Option C,Option D,Option C,Option D,Option A,Option B,Option A,Option D,Option D,Option A,Option C,Option D,"[15, 8, 5]"
07-08-2021 12:20,percy_verdon9666@naiker.biz,105 / 140,Percy Verdon,percy_verdon8106@iitp.ac.in,8429697765,78.0/112.0,1401ME11,Option A,Option D,Option B,Option C,,Option C,Option D,,Option A,Option A,Option D,Option A,Option B,Option D,Option B,Option D,Option C,Option D,,Option B,,Option A,Option A,Option D,Option D,Option A,Option C,Option D,"[21, 3, 4]"
07-08-2021 12:20,alexander_partridge5822@muall.tech,110 / 140,Alexander Partridge,alexander_partridge2616@iitp.ac.in,9829324136,84.0/112.0,1401ME45,Option A,Option D,Option B,Option C,,Option C,Option D,,,,Option C,Option A,Option D,Option D,Option B,Option D,Option C,Option D,Option B,Option D,Option D,Option A,Option A,Option D,Option D,Option A,Option C,Option B,"[22, 2, 4]"
07-08-2021 12:20,lynn_jones6752@nickia.com,85 / 140,Lynn Jones,lynn_jones17@iitp.ac.in,8218930662,62.0/112.0,1401CB02,Option A,Option D,Option B,Option C,,Option C,Option D,,Option A,,,Option A,,Option D,Option B,Option D,Option C,Option A,Option B,Option D,,,Option A,Option A,,Option A,Option C,Option B,"[17, 3, 8]"
07-08-2021 12:20,ronald_owens3897@mafthy.com,125 / 140,Ronald Owens,ronald_owens5086@iitp.ac.in,9947107295,98.0/112.0,1401CB16,Option A,Option D,Option B,Option C,Option B,Option C,Option D,Option D,,Option A,Option D,Option A,Option D,,Option B,Option D,Option C,Option D,Option B,Option D,Option A,Option A,Option A,Option D,Option D,Option A,Option C,Option D,"[25, 1, 2]"
07-08-2021 12:20,daniel_reading1705@deavo.com,115 / 140,Daniel Reading,daniel_reading4547@iitp.ac.in,9509614050,90.0/112.0,1401MM25,Option A,,Option B,Option C,Option B,Option C,Option D,Option D,Option C,Option A,,Option A,Option D,,Option B,Option D,Option C,,Option B,Option D,Option A,Option A,Option A,Option D,Option D,Option A,Option C,Option D,"[23, 1, 4]"
07-08-2021 12:20,sage_potts7984@twace.org,105 / 140,Sage Potts,sage_potts8201@iitp.ac.in,8851333173,78.0/112.0,1401EE67,Option A,Option B,Option B,Option C,,Option C,Option D,Option D,Option A,Option A,,,Option D,,Option B,Option D,Option C,Option D,Option B,Option D,Option A,Option A,Option A,Option C,Option D,Option A,Option B,Option D,"[21, 3, 4]"
07-08-2021 12:20,harriet_ward8388@deavo.com,105 / 140,Harriet Ward,harriet_ward8123@iitp.ac.in,9161105636,82.0/112.0,1401CE25,Option A,,Option B,Option C,,Option C,Option D,Option D,,Option A,Option C,,Option D,Option D,Option B,Option D,Option C,Option D,,Option D,Option A,,Option A,Option D,Option D,Option A,Option C,Option B,"[21, 1, 6]"
07-08-2021 12:20,vera_rycroft6599@muall.tech,45 / 140,Vera Rycroft,vera_rycroft7673@iitp.ac.in,8210365189,24.0/112.0,1401CB37,,Option C,Option B,Option C,,Option C,Option C,Option C,,Option A,Option C,Option A,Option C,,,,,Option D,Option C,,Option B,,,,,Option A,,Option D,"[9, 6, 13]"
07-08-2021 12:20,daniel_norton2069@bretoux.com,95 / 140,Daniel Norton,daniel_norton6748@iitp.ac.in,9373558986,64.0/112.0,1401CS67,Option A,Option D,Option B,Option C,Option B,Option B,,Option D,Option B,,Option C,Option A,Option B,Option D,Option B,Option C,Option C,Option D,Option B,,Option D,Option A,Option A,Option D,Option B,Option A,Option C,Option D,"[19, 6, 3]"
07-08-2021 12:20,ramon_fulton9477@typill.biz,75 / 140,Ramon Fulton,ramon_fulton1369@iitp.ac.in,7726062970,54.0/112.0,1401CS74,Option A,Option D,Option B,Option C,Option B,Option C,Option D,,,Option B,Option D,Option A,,,Option B,,Option C,Option D,,,Option A,,,Option D,,Option A,Option A,Option D,"[15, 3, 10]"
07-08-2021 12:20,gina_thomas5389@tonsy.org,95 / 140,Gina Thomas,gina_thomas1570@iitp.ac.in,7337213858,72.0/112.0,1401ME76,Option A,Option D,Option B,Option C,,Option C,Option D,Option D,Option A,Option A,,,Option D,Option D,Option B,Option B,Option C,Option D,,Option D,,Option A,Option A,Option D,,Option A,,Option B,"[19, 2, 7]"
07-08-2021 12:20,dorothy_cameron8751@nimogy.biz,50 / 140,Dorothy Cameron,dorothy_cameron3069@iitp.ac.in,8305193609,40.0/112.0,1401EE20,,,,,,,Option D,,,,,Option A,,Option D,,Option D,Option C,,,Option D,,Option A,,Option D,,Option A,Option C,,"[10, 0, 18]"
07-08-2021 12:20,david_allen459@nimogy.biz,110 / 140,David Allen,david_allen3522@iitp.ac.in,9304879251,86.0/112.0,1401EE53,Option A,Option D,Option B,Option C,Option B,Option C,Option D,,Option A,Option A,,,Option D,,,Option D,Option C,Option D,Option B,Option D,Option A,Option A,Option A,Option D,Option D,Option A,Option D,Option D,"[22, 1, 5]"
07-08-2021 12:20,alan_russell8346@atink.com,70 / 140,Alan Russell,alan_russell9407@iitp.ac.in,9548488625,42.0/112.0,1401EE18,Option A,Option D,Option B,Option C,Option B,Option C,Option D,Option D,,Option B,Option C,Option D,Option B,,,Option C,Option C,,,,Option B,Option B,Option A,Option D,,Option A,Option B,Option D,"[14, 7, 7]"
07-08-2021 12:20,erica_underhill9030@nickia.com,65 / 140,Erica Underhill,erica_underhill2603@iitp.ac.in,8582011521,50.0/112.0,1401CB35,Option A,,,Option C,,,,,,,Option C,,Option D,Option D,Option B,Option D,Option C,,Option C,Option D,,,Option A,Option D,,Option A,Option C,,"[13, 1, 14]"
07-08-2021 12:20,aiden_alldridge4739@vetan.org,40 / 140,Aiden Alldridge,aiden_alldridge6161@iitp.ac.in,8890770508,12.0/112.0,1401MM04,Option C,,,Option C,,Option D,Option D,,,Option D,Option D,Option A,Option D,Option D,,Option D,Option D,,Option B,,Option B,Option B,Option A,Option C,,Option C,Option B,,"[8, 10, 10]"
07-08-2021 12:20,gabriel_henderson6057@gmail.com,100 / 140,Gabriel Henderson,gabriel_henderson5435@iitp.ac.in,7025482101,72.0/112.0,1401ME06,Option A,Option D,Option B,Option D,Option B,Option C,Option D,,Option A,Option A,Option C,Option A,,Option D,Option B,Option D,Option C,Option D,,,Option A,Option A,Option A,Option D,Option B,Option C,Option A,Option D,"[20, 4, 4]"
07-08-2021 12:20,noah_vincent1196@naiker.biz,55 / 140,Noah Vincent,noah_vincent8396@iitp.ac.in,7004074950,10.0/112.0,1401EE68,Option C,Option D,Option C,Option C,Option A,Option C,Option C,Option C,Option C,Option C,Option B,Option A,Option C,Option C,Option A,Option C,Option C,Option D,Option C,Option C,Option A,Option C,Option A,Option D,Option C,Option A,Option D,Option D,"[11, 17, 0]"
07-08-2021 12:20,josephine_graham362@gembat.biz,70 / 140,Josephine Graham,josephine_graham1732@iitp.ac.in,9660795443,56.0/112.0,1401CB19,Option A,,Option B,,,,Option D,,,,,,Option D,,,Option D,Option C,,,Option D,Option A,Option A,Option A,Option D,,Option A,Option C,Option D,"[14, 0, 14]"
07-08-2021 12:20,evelynn_howard208@famism.biz,130 / 140,Evelynn Howard,evelynn_howard9840@iitp.ac.in,9199292919,102.0/112.0,1401EE04,Option A,Option D,Option B,Option C,Option B,Option C,Option D,Option D,Option A,Option A,,Option A,Option D,Option D,Option B,Option C,Option C,Option D,Option B,Option D,Option A,Option A,Option A,Option D,Option D,Option A,Option C,Option D,"[26, 1, 1]"
07-08-2021 12:20,tania_speed770@brety.org,125 / 140,Tania Speed,tania_speed7362@iitp.ac.in,9452749717,98.0/112.0,1401MM13,Option A,Option D,Option B,Option C,Option B,,Option D,Option D,Option A,,Option C,Option A,Option D,Option D,Option B,Option D,Option C,Option D,Option B,Option D,Option D,Option A,Option A,Option D,Option D,Option A,Option C,Option D,"[25, 1, 2]"
07-08-2021 12:20,brad_snow7771@supunk.biz,130 / 140,Brad Snow,brad_snow1128@iitp.ac.in,7667491533,100.0/112.0,1401CB05,Option A,Option D,Option B,Option C,Option C,Option C,Option D,Option D,Option A,Option A,Option C,Option A,Option D,Option D,Option B,Option B,Option C,Option D,Option B,Option D,Option A,Option A,Option A,Option D,Option D,Option A,Option C,Option D,"[26, 2, 0]"
07-08-2021 12:20,wendy_healy8906@elnee.tech,55 / 140,Wendy Healy,wendy_healy2918@iitp.ac.in,9618564987,22.0/112.0,1401CE38,Option B,Option B,Option B,Option B,,Option C,,Option C,,Option C,Option A,Option A,Option C,,Option A,Option D,Option C,Option D,,Option D,Option A,Option B,Option A,Option A,Option B,Option A,,Option D,"[11, 11, 6]"
07-08-2021 12:20,luke_murphy3941@kideod.biz,110 / 140,Luke Murphy,luke_murphy5281@iitp.ac.in,9304919227,86.0/112.0,1401CS56,Option A,,Option B,,Option B,,Option D,Option D,,,Option D,Option A,Option D,Option D,Option B,Option D,Option C,Option D,Option B,Option D,Option A,Option A,Option A,Option D,Option D,Option A,Option C,Option D,"[22, 1, 5]"
07-08-2021 12:20,denny_walker3214@grannar.com,75 / 140,Denny Walker,denny_walker5595@iitp.ac.in,9931968666,54.0/112.0,1401ME77,,,Option B,,,Option C,Option A,Option D,Option A,,Option C,Option C,,Option D,,Option D,Option C,,Option B,,Option A,Option A,Option C,Option D,,Option A,Option C,Option D,"[15, 3, 10]"
07-08-2021 12:20,dalia_vaughn487@sveldo.biz,35 / 140,Dalia Vaughn,dalia_vaughn1891@iitp.ac.in,8603348641,24.0/112.0,1401CE06,Option B,Option D,Option B,,,Option C,,,,Option A,,Option A,,,,,,Option D,Option A,,,,,,,Option A,,,"[7, 2, 19]"
07-08-2021 12:20,peter_brennan8189@dionrab.com,105 / 140,Peter Brennan,peter_brennan4459@iitp.ac.in,7767897301,80.0/112.0,1401CB31,Option A,,Option B,Option C,,Option C,Option D,Option D,,Option A,Option C,Option A,Option D,,Option B,Option D,Option C,Option D,Option B,,Option A,Option A,Option A,Option D,Option D,Option A,Option A,Option B,"[21, 2, 5]"
07-08-2021 12:20,laila_robertson6259@nimogy.biz,105 / 140,Laila Robertson,laila_robertson3449@iitp.ac.in,8340351017,80.0/112.0,1401ME39,Option A,Option D,Option B,Option C,,Option C,Option D,,,Option A,Option B,Option A,Option D,Option D,Option B,Option C,Option C,Option D,,,Option A,Option A,Option A,Option D,Option D,Option A,Option C,Option D,"[21, 2, 5]"
07-08-2021 12:20,charlize_wright2930@gembat.biz,115 / 140,Charlize Wright,charlize_wright4879@iitp.ac.in,7439860023,90.0/112.0,1401CB11,Option A,Option D,Option B,Option C,,Option C,Option D,,Option A,Option A,,Option A,Option D,Option D,Option B,Option D,Option C,Option D,Option B,Option D,Option A,Option A,Option A,Option D,,Option A,Option C,Option B,"[23, 1, 4]"
07-08-2021 12:20,owen_thomas8377@grannar.com,75 / 140,Owen Thomas,owen_thomas6692@iitp.ac.in,8355816953,54.0/112.0,1401CE13,Option A,Option D,Option B,Option C,,Option C,,Option D,Option A,Option D,,Option A,,,,Option D,Option C,Option D,,,Option D,,,Option D,Option D,Option A,Option B,Option D,"[15, 3, 10]"
07-08-2021 12:20,mandy_hooper3172@sveldo.biz,120 / 140,Mandy Hooper,mandy_hooper9871@iitp.ac.in,8229859377,94.0/112.0,1401EE10,Option A,Option D,Option B,Option C,Option B,Option C,Option D,Option D,,Option A,Option C,Option A,Option D,Option D,Option B,Option D,Option C,Option D,,,Option D,Option A,Option A,Option D,Option D,Option A,Option C,Option D,"[24, 1, 3]"
07-08-2021 12:20,ethan_robinson3826@deons.tech,55 / 140,Ethan Robinson,ethan_robinson9228@iitp.ac.in,7717789572,34.0/112.0,1401MM03,Option C,,Option B,Option C,,,Option D,,Option A,,Option C,Option C,Option D,Option D,,,,Option D,Option A,Option D,,,Option A,,,Option A,Option B,Option B,"[11, 5, 12]"
07-08-2021 12:20,alice_harrison8669@gembat.biz,125 / 140,Alice Harrison,alice_harrison8561@iitp.ac.in,8961011837,94.0/112.0,1401CS10,Option A,Option D,Option B,Option C,Option B,Option C,Option D,Option D,Option A,Option A,Option B,Option A,Option C,Option D,Option B,Option D,Option C,Option D,Option B,Option D,Option A,Option A,Option A,Option D,Option B,Option A,Option C,Option D,"[25, 3, 0]"
07-08-2021 12:20,summer_stone8951@deavo.com,70 / 140,Summer Stone,summer_stone7886@iitp.ac.in,7007222154,50.0/112.0,1401ME32,Option A,,Option B,,,Option C,,Option D,Option A,Option A,Option C,Option A,,,,,,Option D,,Option D,Option D,,Option A,Option A,Option D,Option C,Option C,Option D,"[14, 3, 11]"
07-08-2021 12:20,gladys_mcgee5071@sheye.org,95 / 140,Gladys Mcgee,gladys_mcgee9902@iitp.ac.in,7883584826,74.0/112.0,1401ME27,Option A,,Option B,Option C,,Option C,Option D,Option D,Option A,Option A,,,Option D,Option D,Option B,Option B,Option C,Option D,,Option D,,,Option A,Option D,,Option A,Option C,Option D,"[19, 1, 8]"
07-08-2021 12:20,jayden_thorpe5896@acrit.org,70 / 140,Jayden Thorpe,jayden_thorpe2289@iitp.ac.in,9113363896,40.0/112.0,1401EE74,Option A,Option D,Option B,Option C,Option B,Option C,Option D,,,Option A,,Option D,,Option D,Option B,Option C,Option C,Option D,,,Option D,Option B,Option A,Option B,Option B,Option B,Option B,Option D,"[14, 8, 6]"
07-08-2021 12:20,aeris_waterson1260@gompie.com,130 / 140,Aeris Waterson,aeris_waterson1422@iitp.ac.in,9003568771,102.0/112.0,1401EE54,Option A,Option D,Option B,Option C,,Option C,Option D,Option D,Option A,Option A,Option C,Option A,Option D,Option D,Option B,Option D,Option C,Option D,Option B,Option D,Option A,Option A,Option A,Option D,Option D,Option A,Option A,Option D,"[26, 1, 1]"
07-08-2021 12:20,abdul_cobb3387@typill.biz,140 / 140,Abdul Cobb,abdul_cobb5582@iitp.ac.in,7080004448,112.0/112.0,1401CS02,Option A,Option D,Option B,Option C,Option B,Option C,Option D,Option D,Option A,Option A,Option C,Option A,Option D,Option D,Option B,Option D,Option C,Option D,Option B,Option D,Option A,Option A,Option A,Option D,Option D,Option A,Option C,Option D,"[28, 0, 0]"
07-08-2021 12:20,roger_woods4015@tonsy.org,125 / 140,Roger Woods,roger_woods566@iitp.ac.in,9820521752,100.0/112.0,1401MM29,Option A,,Option B,Option C,Option B,Option C,Option D,Option D,Option A,Option A,,Option A,Option D,Option D,Option B,Option D,Option C,Option D,Option B,Option D,Option A,Option A,Option A,Option D,,Option A,Option C,Option D,"[25, 0, 3]"
07-08-2021 12:20,willow_rose3055@bungar.biz,65 / 140,Willow Rose,willow_rose6847@iitp.ac.in,6266206287,22.0/112.0,1401CB08,Option A,Option B,Option B,Option B,Option B,Option B,Option D,Option B,Option B,Option B,Option B,Option A,Option B,Option B,Option B,Option D,Option C,Option D,Option B,Option B,Option B,Option B,Option B,Option D,Option B,Option B,Option C,Option D,"[13, 15, 0]"
07-08-2021 12:20,nathan_skinner8568@iatim.tech,105 / 140,Nathan Skinner,nathan_skinner5086@iitp.ac.in,7568609247,80.0/112.0,1401CE48,Option A,Option D,Option B,Option C,Option C,Option C,Option D,,Option A,Option A,Option C,Option A,,,Option B,,Option C,Option D,Option B,,Option A,Option A,Option A,Option D,Option B,Option A,Option C,Option D,"[21, 2, 5]"
07-08-2021 12:20,paula_whitmore1361@muall.tech,50 / 140,Paula Whitmore,paula_whitmore3945@iitp.ac.in,9827089359,16.0/112.0,1401EE31,,,,Option C,Option A,Option C,Option C,Option D,Option C,Option D,Option D,Option A,Option D,Option D,Option B,,Option C,Option D,Option C,Option C,Option B,Option C,Option C,Option C,Option D,Option C,,,"[10, 12, 6]"
07-08-2021 12:20,matt_eastwood9634@elnee.tech,120 / 140,Matt Eastwood,matt_eastwood5481@iitp.ac.in,9563993118,88.0/112.0,1401ME63,Option A,Option D,Option B,Option C,Option B,Option C,Option D,Option D,Option A,Option A,Option A,Option A,Option D,Option D,Option B,Option D,Option C,Option D,Option B,Option D,Option A,Option D,Option A,Option D,Option B,Option A,Option C,Option B,"[24, 4, 0]"
07-08-2021 12:20,josh_nicholls1592@nanoff.biz,120 / 140,Josh Nicholls,josh_nicholls9208@iitp.ac.in,8176876030,88.0/112.0,1401CS80,Option A,Option D,Option B,Option C,Option B,Option C,Option D,Option D,Option C,Option A,Option B,Option A,Option D,Option D,Option B,Option D,Option C,Option D,Option B,Option D,Option B,Option A,Option A,Option D,Option B,Option A,Option C,Option D,"[24, 4, 0]"
07-08-2021 12:20,estrella_locke6325@kideod.biz,125 / 140,Estrella Locke,estrella_locke67@iitp.ac.in,6204292834,96.0/112.0,1401MM32,Option A,,Option B,Option C,Option B,Option C,Option D,Option D,Option A,Option A,Option D,Option A,Option D,Option D,Option B,Option D,Option C,Option D,Option B,Option D,Option D,Option A,Option A,Option D,Option D,Option A,Option C,Option D,"[25, 2, 1]"
07-08-2021 12:20,kamila_weasley1858@famism.biz,85 / 140,Kamila Weasley,kamila_weasley2227@iitp.ac.in,9097974774,50.0/112.0,1401CS39,Option D,Option D,Option B,Option C,,Option C,Option D,Option D,Option C,Option D,Option C,Option A,Option B,Option D,Option B,Option C,Option C,Option D,Option B,Option D,Option D,,Option B,Option D,Option B,Option A,Option B,Option D,"[17, 9, 2]"
07-08-2021 12:20,phillip_pope5519@nickia.com,100 / 140,Phillip Pope,phillip_pope4673@iitp.ac.in,7385418219,80.0/112.0,1401ME14,Option A,Option D,Option B,Option C,,Option C,Option D,,Option A,,,Option A,Option D,Option D,Option B,Option D,Option C,Option D,,Option D,,,Option A,Option D,Option D,Option A,Option C,,"[20, 0, 8]"
07-08-2021 12:20,danny_vince5004@twace.org,95 / 140,Danny Vince,danny_vince6566@iitp.ac.in,9166452134,72.0/112.0,1401CS54,Option A,Option D,Option B,,,Option C,Option D,Option D,Option A,,,,,Option D,Option A,Option D,Option C,Option D,Option B,Option D,Option D,Option A,Option A,Option D,,Option A,Option C,Option D,"[19, 2, 7]"
07-08-2021 12:20,dasha_bayliss4549@mafthy.com,115 / 140,Dasha Bayliss,dasha_bayliss6609@iitp.ac.in,8969721307,86.0/112.0,1401CS37,Option A,,Option B,Option C,Option B,Option C,Option D,Option D,,Option B,Option B,Option A,Option B,Option D,Option B,Option D,Option C,Option D,Option B,Option D,Option A,Option A,Option A,Option D,Option D,Option A,Option C,Option D,"[23, 3, 2]"
07-08-2021 12:20,greta_flanders1891@supunk.biz,130 / 140,Greta Flanders,greta_flanders6209@iitp.ac.in,8295090510,100.0/112.0,1401CS27,Option A,Option D,Option B,Option C,Option B,Option C,Option D,Option D,Option A,Option A,Option B,Option A,Option D,Option D,Option B,Option D,Option C,Option D,Option B,Option C,Option A,Option A,Option A,Option D,Option D,Option A,Option C,Option D,"[26, 2, 0]"
07-08-2021 12:20,isla_evans3824@ubusive.com,110 / 140,Isla Evans,isla_evans9375@iitp.ac.in,7987536236,88.0/112.0,1401CE52,Option A,,Option B,Option C,,Option C,Option D,Option D,,Option A,Option C,Option A,Option D,,Option B,Option D,Option C,Option D,Option B,,Option A,,Option A,Option D,Option D,Option A,Option C,Option D,"[22, 0, 6]"
07-08-2021 12:20,emma_neal5103@kideod.biz,130 / 140,Emma Neal,emma_neal2467@iitp.ac.in,9321420712,102.0/112.0,1401MM15,Option A,,Option B,Option C,Option B,Option C,Option D,Option D,Option A,Option A,Option D,Option A,Option D,Option D,Option B,Option D,Option C,Option D,Option B,Option D,Option A,Option A,Option A,Option D,Option D,Option A,Option C,Option D,"[26, 1, 1]"
07-08-2021 12:20,peter_ross3208@acrit.org,110 / 140,Peter Ross,peter_ross562@iitp.ac.in,8708328310,78.0/112.0,1401ME02,Option A,Option D,Option B,Option C,Option B,Option C,Option D,Option D,Option C,Option A,Option C,Option A,Option D,Option D,Option B,Option D,Option C,Option D,Option A,Option D,Option D,Option C,Option A,Option D,,Option A,Option C,Option B,"[22, 5, 1]"
07-08-2021 12:20,mike_benfield4620@gompie.com,130 / 140,Mike Benfield,mike_benfield3904@iitp.ac.in,8446904307,100.0/112.0,1401CS29,Option A,Option D,Option B,Option C,Option B,Option C,Option D,Option D,Option A,Option A,Option B,Option A,Option D,Option D,Option B,Option D,Option C,Option D,Option B,Option C,Option A,Option A,Option A,Option D,Option D,Option A,Option C,Option D,"[26, 2, 0]"
07-08-2021 12:20,abdul_avery2741@qater.org,115 / 140,Abdul Avery,abdul_avery6637@iitp.ac.in,8780972430,86.0/112.0,1401CS24,Option A,,Option B,Option C,Option B,Option C,Option D,Option D,,Option B,Option B,Option A,Option B,Option D,Option B,Option D,Option C,Option D,Option B,Option D,Option A,Option A,Option A,Option D,Option D,Option A,Option C,Option D,"[23, 3, 2]"
07-08-2021 12:20,benny_harrington8111@deavo.com,115 / 140,Benny Harrington,benny_harrington52@iitp.ac.in,6309257929,86.0/112.0,1401CS58,Option A,Option D,Option B,Option C,Option B,Option C,Option D,,,Option A,Option C,Option A,Option D,Option D,Option B,Option D,Option C,Option D,Option D,Option D,Option A,Option B,Option A,Option D,Option B,Option A,Option C,Option D,"[23, 3, 2]"
07-08-2021 12:20,barney_tait1340@joiniaa.com,65 / 140,Barney Tait,barney_tait8081@iitp.ac.in,8072518213,42.0/112.0,1401EE25,Option A,Option D,Option B,Option D,Option A,Option C,,Option D,,Option A,,Option C,,Option D,Option B,,Option C,Option D,,Option D,Option D,,,,,Option A,Option B,Option D,"[13, 5, 10]"
07-08-2021 12:20,paige_ulyatt380@gompie.com,125 / 140,Paige Ulyatt,paige_ulyatt7952@iitp.ac.in,9140719623,96.0/112.0,1401MM26,Option A,,Option B,Option C,Option A,Option C,Option D,Option D,Option A,Option A,Option D,Option A,Option D,Option D,Option B,Option D,Option C,Option D,Option B,Option D,Option A,Option A,Option A,Option D,Option D,Option A,Option C,Option D,"[25, 2, 1]"
07-08-2021 12:20,bart_foxley7635@grannar.com,105 / 140,Bart Foxley,bart_foxley5296@iitp.ac.in,8000536540,82.0/112.0,1401ME43,Option A,,Option B,Option C,Option B,Option C,Option D,Option D,,Option A,,Option A,Option D,,Option B,Option D,Option C,,Option A,Option D,Option A,Option A,Option A,Option D,,Option A,Option C,Option D,"[21, 1, 6]"
07-08-2021 12:20,sebastian_graves6072@mafthy.com,120 / 140,Sebastian Graves,sebastian_graves6638@iitp.ac.in,7993366878,90.0/112.0,1401MM14,Option A,Option D,Option B,Option C,Option B,Option C,Option D,Option A,Option A,Option A,Option C,Option A,Option D,Option C,Option B,Option D,Option C,Option D,Option B,,Option A,Option A,Option A,Option D,Option B,Option A,Option C,Option D,"[24, 3, 1]"
07-08-2021 12:20,kate_moreno6309@famism.biz,75 / 140,Kate Moreno,kate_moreno6078@iitp.ac.in,8217364424,50.0/112.0,1401EE07,,,Option B,Option C,Option B,Option C,,Option D,Option A,,Option C,Option A,,,,Option C,Option C,Option D,,Option D,Option A,Option B,Option A,Option D,Option B,Option B,Option D,Option D,"[15, 5, 8]"
07-08-2021 12:20,bryce_middleton1475@mafthy.com,105 / 140,Bryce Middleton,bryce_middleton9481@iitp.ac.in,9007261284,80.0/112.0,1401EE08,,Option D,Option B,Option C,Option B,Option C,Option D,Option D,Option A,Option A,,Option A,,,Option B,Option D,Option C,Option D,Option B,Option D,Option D,Option A,Option A,,Option D,Option A,Option D,Option D,"[21, 2, 5]"
07-08-2021 12:20,shannon_graves2816@zorer.org,100 / 140,Shannon Graves,shannon_graves5533@iitp.ac.in,7903767781,76.0/112.0,1401CE43,Option A,,Option B,Option C,,Option C,Option D,Option D,,Option A,,Option A,Option D,Option B,Option B,Option D,Option C,Option D,Option B,Option B,Option A,,Option A,Option D,Option D,Option A,Option C,,"[20, 2, 6]"
07-08-2021 12:20,hadley_hardwick1718@irrepsy.com,90 / 140,Hadley Hardwick,hadley_hardwick7362@iitp.ac.in,9605776459,70.0/112.0,1401CS49,Option A,,Option B,Option C,,,Option D,Option D,,,Option D,,Option D,,Option B,Option D,Option C,Option D,,Option D,Option A,Option A,Option A,Option D,Option D,Option A,,Option D,"[18, 1, 9]"
07-08-2021 12:20,danny_walsh8312@atink.com,105 / 140,Danny Walsh,danny_walsh1751@iitp.ac.in,9305797240,82.0/112.0,1401EE24,Option A,Option D,Option B,Option C,Option B,Option C,Option D,,,Option A,Option C,Option A,,Option D,,Option D,Option C,Option D,Option A,,Option A,,Option A,Option D,Option D,Option A,Option C,Option D,"[21, 1, 6]"
07-08-2021 12:20,freya_woodley5136@tonsy.org,120 / 140,Freya Woodley,freya_woodley2755@iitp.ac.in,7905673640,92.0/112.0,1401MM33,Option A,,Option B,Option C,Option B,Option C,Option D,Option D,Option C,Option A,Option D,,Option D,Option D,Option B,Option D,Option C,Option D,Option B,Option D,Option A,Option A,Option A,Option D,Option D,Option A,Option C,Option D,"[24, 2, 2]"
07-08-2021 12:20,harry_myatt9649@mafthy.com,40 / 140,Harry Myatt,harry_myatt2956@iitp.ac.in,9491719589,32.0/112.0,1401EE28,,,,,,,Option D,,Option A,,,Option A,Option D,Option D,,,,,Option B,Option D,,Option A,,,,,,,"[8, 0, 20]"
07-08-2021 12:20,ronald_curtis7143@sveldo.biz,55 / 140,Ronald Curtis,ronald_curtis1897@iitp.ac.in,8639640099,40.0/112.0,1401ME46,Option A,Option D,Option B,Option C,,Option C,,,,Option A,,,Option B,,,,,Option D,,,Option D,,Option A,Option D,,Option A,,Option D,"[11, 2, 15]"
07-08-2021 12:20,sadie_zaoui5756@zorer.org,35 / 140,Sadie Zaoui,sadie_zaoui4316@iitp.ac.in,6376333030,28.0/112.0,1401CE49,,,,,Option B,,Option D,Option D,,,,Option A,,,,,,,,Option D,,Option A,Option A,,,,,,"[7, 0, 21]"
07-08-2021 12:20,morgan_hope4379@sheye.org,125 / 140,Morgan Hope,morgan_hope6783@iitp.ac.in,9667971993,100.0/112.0,1401EE79,Option A,Option D,Option B,Option C,Option B,Option C,,,Option A,Option A,Option C,Option A,Option D,Option D,Option B,Option D,Option C,Option D,Option B,Option D,Option A,Option A,Option A,Option D,Option D,Option A,,Option D,"[25, 0, 3]"
07-08-2021 12:20,clarissa_forester6810@jiman.org,130 / 140,Clarissa Forester,clarissa_forester9084@iitp.ac.in,7070481498,102.0/112.0,1401MM38,Option A,,Option B,Option C,Option B,Option C,Option D,Option D,Option A,Option A,Option D,Option A,Option D,Option D,Option B,Option D,Option C,Option D,Option B,Option D,Option A,Option A,Option A,Option D,Option D,Option A,Option C,Option D,"[26, 1, 1]"
07-08-2021 12:20,jack_eagle8939@kideod.biz,80 / 140,Jack Eagle,jack_eagle2359@iitp.ac.in,8875053023,44.0/112.0,1401ME12,Option D,Option B,Option B,Option D,Option B,Option C,Option D,,Option C,Option A,Option C,Option A,Option C,,Option B,Option D,Option D,Option D,Option C,Option C,Option A,Option C,Option A,Option D,Option B,Option A,Option C,Option D,"[16, 10, 2]"
07-08-2021 12:20,elijah_dwyer337@extex.org,125 / 140,Elijah Dwyer,elijah_dwyer1585@iitp.ac.in,8486468159,98.0/112.0,1401ME25,Option B,Option D,Option B,Option C,Option B,,Option D,Option D,Option A,Option A,Option C,Option A,Option D,Option D,Option B,Option D,Option C,Option D,,Option D,Option A,Option A,Option A,Option D,Option D,Option A,Option C,Option D,"[25, 1, 2]"
07-08-2021 12:20,greta_strong3159@qater.org,70 / 140,Greta Strong,greta_strong3619@iitp.ac.in,9848896111,56.0/112.0,1401CS18,Option A,Option D,,Option C,,,Option D,,Option A,Option A,,Option A,,Option D,Option B,,Option C,Option D,,Option D,,Option A,,Option D,,,,,"[14, 0, 14]"
07-08-2021 12:20,adalind_williams8082@vetan.org,90 / 140,Adalind Williams,adalind_williams7367@iitp.ac.in,8127089773,64.0/112.0,1401EE75,Option A,Option D,Option B,Option C,,Option C,Option D,Option A,,Option A,Option B,Option A,Option D,,Option B,Option D,Option C,,Option C,,Option A,,Option C,Option D,Option D,Option A,Option C,Option D,"[18, 4, 6]"
07-08-2021 12:20,gemma_pickard8326@twipet.com,125 / 140,Gemma Pickard,gemma_pickard1406@iitp.ac.in,9420438981,100.0/112.0,1401EE77,,Option D,Option B,Option C,Option B,Option C,Option D,Option D,Option A,Option A,Option C,Option A,,,Option B,Option D,Option C,Option D,Option B,Option D,Option A,Option A,Option A,Option D,Option D,Option A,Option C,Option D,"[25, 0, 3]"
07-08-2021 12:20,daria_button4309@tonsy.org,65 / 140,Daria Button,daria_button7507@iitp.ac.in,7417855988,42.0/112.0,1401ME16,Option A,Option D,Option B,,,Option C,Option A,,,Option B,,,,Option D,Option B,,Option C,Option D,Option A,Option D,Option A,Option B,Option B,Option D,,Option A,,Option D,"[13, 5, 10]"
07-08-2021 12:20,maxwell_york7876@cispeto.com,100 / 140,Maxwell York,maxwell_york4924@iitp.ac.in,8905815834,76.0/112.0,1401CB23,Option A,Option D,Option B,Option C,,Option C,Option D,,Option A,Option A,,Option A,,Option D,Option B,Option D,Option C,Option D,Option B,Option D,Option A,,Option C,Option D,,Option A,Option C,Option B,"[20, 2, 6]"
07-08-2021 12:20,rocco_becker4340@grannar.com,120 / 140,Rocco Becker,rocco_becker740@iitp.ac.in,7992457313,92.0/112.0,1401CS13,Option A,,Option B,Option C,Option B,Option C,Option D,Option D,Option A,Option D,Option C,Option A,Option B,Option D,Option B,Option D,Option C,Option D,Option B,Option D,Option A,Option A,Option A,Option D,,Option A,Option C,Option D,"[24, 2, 2]"
07-08-2021 12:20,cynthia_spencer8232@corti.com,120 / 140,Cynthia Spencer,cynthia_spencer4827@iitp.ac.in,8723965414,88.0/112.0,1401ME82,Option B,Option D,Option B,Option C,Option B,Option C,Option D,Option D,Option A,Option A,Option D,Option A,Option C,Option D,Option B,Option A,Option C,Option D,Option B,Option D,Option A,Option A,Option A,Option D,Option D,Option A,Option C,Option D,"[24, 4, 0]"
07-08-2021 12:20,roger_patel7041@fuliss.net,95 / 140,Roger Patel,roger_patel3296@iitp.ac.in,9359110162,68.0/112.0,1401CE37,Option A,,Option B,Option C,Option B,Option C,Option D,Option D,,,Option D,Option A,Option D,,Option B,Option B,Option C,Option A,,Option D,Option D,Option A,Option A,Option D,Option D,Option A,Option C,Option D,"[19, 4, 5]"
07-08-2021 12:20,harmony_sheldon6480@vetan.org,115 / 140,Harmony Sheldon,harmony_sheldon8130@iitp.ac.in,8639818783,90.0/112.0,1401CS43,Option A,Option D,Option B,Option C,Option B,Option C,Option D,,Option A,Option A,Option C,Option A,,Option D,Option B,,Option C,Option D,Option B,Option D,,Option A,Option A,Option D,Option B,Option A,Option C,Option D,"[23, 1, 4]"
07-08-2021 12:20,carl_utterson975@eirey.tech,140 / 140,Carl Utterson,carl_utterson3743@iitp.ac.in,7620749557,112.0/112.0,1401CS69,Option A,Option D,Option B,Option C,Option B,Option C,Option D,Option D,Option A,Option A,Option C,Option A,Option D,Option D,Option B,Option D,Option C,Option D,Option B,Option D,Option A,Option A,Option A,Option D,Option D,Option A,Option C,Option D,"[28, 0, 0]"
07-08-2021 12:20,mason_antcliff7345@dionrab.com,70 / 140,Mason Antcliff,mason_antcliff3972@iitp.ac.in,7670928811,50.0/112.0,1401ME20,Option A,Option D,Option B,Option C,,,Option D,,Option A,Option A,,Option A,,Option D,Option B,,Option C,Option A,,Option D,Option D,Option A,,,Option D,Option B,,,"[14, 3, 11]"
07-08-2021 12:20,willow_neal6966@jiman.org,95 / 140,Willow Neal,willow_neal8321@iitp.ac.in,9576047554,72.0/112.0,1401CE30,Option A,,Option B,Option C,,Option C,Option D,Option D,,Option A,,Option A,Option D,,Option B,,Option C,Option D,Option B,,Option B,Option B,Option A,Option D,Option D,Option A,Option C,Option D,"[19, 2, 7]"
07-08-2021 12:20,crystal_gregory5018@nanoff.biz,130 / 140,Crystal Gregory,crystal_gregory3734@iitp.ac.in,9588599285,100.0/112.0,1401EE62,Option A,Option D,Option B,Option C,Option D,Option C,Option D,Option D,Option A,Option A,Option C,Option A,Option D,Option A,Option B,Option D,Option C,Option D,Option B,Option D,Option A,Option A,Option A,Option D,Option D,Option A,Option C,Option D,"[26, 2, 0]"
07-08-2021 12:20,ruby_slater9354@jiman.org,95 / 140,Ruby Slater,ruby_slater6230@iitp.ac.in,9758067388,76.0/112.0,1401CS45,Option A,,Option B,Option C,Option B,,Option D,Option D,,,,,Option D,Option D,Option B,Option D,Option C,Option D,,Option D,Option A,Option A,Option A,Option D,,Option A,Option C,,"[19, 0, 9]"
07-08-2021 12:20,ally_thompson2548@sveldo.biz,75 / 140,Ally Thompson,ally_thompson2478@iitp.ac.in,8002718556,46.0/112.0,1401EE70,Option A,,Option B,Option C,Option B,Option C,Option D,Option A,Option B,,Option B,Option A,Option B,Option A,Option B,Option D,Option C,Option D,Option B,,,Option C,Option A,Option D,,Option A,,Option B,"[15, 7, 6]"
07-08-2021 12:20,morgan_beal9512@bungar.biz,90 / 140,Morgan Beal,morgan_beal9668@iitp.ac.in,9774546207,64.0/112.0,1401CS57,Option B,Option D,Option A,Option C,Option B,Option C,Option D,Option D,,Option A,Option D,Option A,,,,,Option C,Option D,Option B,,Option A,Option A,Option A,Option D,Option D,Option A,Option C,Option B,"[18, 4, 6]"
07-08-2021 12:20,john_lunt3430@extex.org,135 / 140,John Lunt,john_lunt2341@iitp.ac.in,7689836697,108.0/112.0,1401CS04,,Option D,Option B,Option C,Option B,Option C,Option D,Option D,Option A,Option A,Option C,Option A,Option D,Option D,Option B,Option D,Option C,Option D,Option B,Option D,Option A,Option A,Option A,Option D,Option D,Option A,Option C,Option D,"[27, 0, 1]"
07-08-2021 12:20,iris_higgs815@fuliss.net,125 / 140,Iris Higgs,iris_higgs1039@iitp.ac.in,8349062649,98.0/112.0,1401MM07,Option A,,Option B,Option C,Option B,Option C,Option D,Option D,Option C,Option A,,Option A,Option D,Option D,Option B,Option D,Option C,Option D,Option B,Option D,Option A,Option A,Option A,Option D,Option D,Option A,Option C,Option D,"[25, 1, 2]"
07-08-2021 12:20,rick_gallacher8057@sheye.org,60 / 140,Rick Gallacher,rick_gallacher8679@iitp.ac.in,9398155240,16.0/112.0,1401CB44,Option A,Option D,Option C,Option C,Option D,Option A,Option D,Option A,Option C,Option A,Option B,Option A,Option C,Option B,Option B,Option B,Option C,Option A,Option D,Option D,Option B,Option A,Option B,Option D,Option B,Option C,Option C,Option B,"[12, 16, 0]"
07-08-2021 12:20,kirsten_wills1597@mafthy.com,100 / 140,Kirsten Wills,kirsten_wills414@iitp.ac.in,7717734086,72.0/112.0,1401CE34,Option A,,Option B,Option C,Option B,Option C,Option D,Option D,,Option A,Option D,Option A,Option D,,Option B,Option B,Option C,Option A,,Option D,Option A,Option A,Option A,Option D,Option D,Option A,Option C,Option B,"[20, 4, 4]"
07-08-2021 12:20,percy_pearce2305@joiniaa.com,100 / 140,Percy Pearce,percy_pearce629@iitp.ac.in,9142398511,68.0/112.0,1401CS36,Option A,Option D,Option B,Option C,Option A,Option C,Option D,Option D,Option A,Option B,Option C,Option D,Option D,Option A,,,Option C,Option D,Option C,Option B,Option A,Option A,Option A,Option D,Option D,Option A,Option C,Option D,"[20, 6, 2]"
07-08-2021 12:20,alexander_russell2799@supunk.biz,75 / 140,Alexander Russell,alexander_russell464@iitp.ac.in,7357326331,58.0/112.0,1401CE17,Option C,,Option B,Option C,,Option C,Option D,,,Option A,,Option A,Option D,,Option B,,Option C,Option D,,,Option A,,Option A,Option D,,Option A,Option C,,"[15, 1, 12]"
07-08-2021 12:20,tony_miller1076@atink.com,95 / 140,Tony Miller,tony_miller7610@iitp.ac.in,9024880198,68.0/112.0,1401CS52,Option D,Option D,Option A,Option C,Option B,Option C,Option D,Option D,Option A,Option A,Option D,Option A,,,,,Option C,Option D,Option B,,Option A,Option A,Option A,Option D,Option D,Option A,Option C,Option B,"[19, 4, 5]"
07-08-2021 12:20,ethan_armstrong1582@deons.tech,120 / 140,Ethan Armstrong,ethan_armstrong1070@iitp.ac.in,6397307289,92.0/112.0,1401MM10,Option A,,Option B,Option C,Option B,Option C,Option D,Option D,Option C,Option A,Option D,Option A,Option D,Option D,,Option D,Option C,Option D,Option B,Option D,Option A,Option A,Option A,Option D,Option D,Option A,Option C,Option D,"[24, 2, 2]"
07-08-2021 12:20,vera_butler3964@tonsy.org,105 / 140,Vera Butler,vera_butler2840@iitp.ac.in,8875226534,80.0/112.0,1401CS53,Option A,,Option B,Option C,Option A,Option C,Option D,Option D,Option A,,,Option A,Option D,Option D,Option B,Option D,Option C,,Option B,Option D,Option A,Option A,,Option D,Option B,Option A,Option C,Option D,"[21, 2, 5]"
07-08-2021 12:20,bart_hobson5944@famism.biz,80 / 140,Bart Hobson,bart_hobson2414@iitp.ac.in,6396904442,48.0/112.0,1401CE18,Option A,Option D,Option B,Option D,Option B,Option B,Option A,Option D,,Option D,Option C,,Option B,Option D,Option B,Option C,Option C,Option D,,Option B,Option A,,Option A,Option D,Option B,Option A,Option C,Option D,"[16, 8, 4]"
07-08-2021 12:20,bristol_walsh3851@hourpy.biz,70 / 140,Bristol Walsh,bristol_walsh3787@iitp.ac.in,9693978732,54.0/112.0,1401EE55,Option A,,,Option C,,Option C,Option D,,,,,Option A,Option D,,Option B,,Option C,Option D,,,Option D,Option A,Option A,Option D,,Option A,,Option D,"[14, 1, 13]"
07-08-2021 12:20,alessandra_verdon4405@twipet.com,85 / 140,Alessandra Verdon,alessandra_verdon4734@iitp.ac.in,9381908591,64.0/112.0,1401EE78,Option A,,Option B,Option C,Option B,,,Option D,Option A,Option B,Option D,,Option D,Option D,Option B,,Option C,Option D,Option B,,Option A,,Option A,,Option D,Option A,,Option D,"[17, 2, 9]"
07-08-2021 12:20,lucas_nicolas3074@ovock.tech,105 / 140,Lucas Nicolas,lucas_nicolas7835@iitp.ac.in,8129420468,82.0/112.0,1401CS76,Option A,Option D,Option B,Option C,Option A,Option C,Option D,Option D,Option A,Option A,Option C,,,Option D,Option B,Option D,,Option D,Option B,,Option A,,Option A,Option D,Option D,Option A,,Option D,"[21, 1, 6]"
07-08-2021 12:20,lucas_doherty1964@sheye.org,95 / 140,Lucas Doherty,lucas_doherty1187@iitp.ac.in,9065379225,58.0/112.0,1401MM35,Option A,Option D,Option B,Option C,Option B,Option C,Option D,Option C,Option B,Option C,Option C,Option C,Option C,Option C,Option B,Option D,Option C,Option D,Option B,Option C,Option A,Option C,Option A,Option D,Option B,Option A,Option C,Option D,"[19, 9, 0]"
07-08-2021 12:20,johnny_rogers1029@cispeto.com,50 / 140,Johnny Rogers,johnny_rogers2420@iitp.ac.in,9968172960,34.0/112.0,1401CS03,,,,,,Option C,Option D,Option D,Option D,,,,Option B,Option D,,,Option C,,,,,Option A,Option A,Option D,,Option A,Option A,Option D,"[10, 3, 15]"
07-08-2021 12:20,rick_larkin2774@brety.org,115 / 140,Rick Larkin,rick_larkin7261@iitp.ac.in,9607707440,82.0/112.0,1401CS08,Option A,Option A,Option B,Option C,Option B,Option C,Option D,Option D,Option A,Option B,Option A,Option A,Option B,Option D,Option B,Option D,Option C,Option D,Option B,Option D,Option A,Option A,Option A,Option D,Option C,Option A,Option C,Option D,"[23, 5, 0]"
07-08-2021 12:20,tony_wilkinson9122@typill.biz,115 / 140,Tony Wilkinson,tony_wilkinson3069@iitp.ac.in,9660715113,86.0/112.0,1401CS62,Option A,,Option B,Option C,Option B,Option C,Option D,Option D,,Option B,Option D,Option A,Option B,Option D,Option B,Option D,Option C,Option D,Option B,Option D,Option A,Option A,Option A,Option D,Option D,Option A,Option C,Option D,"[23, 3, 2]"
07-08-2021 12:20,enoch_cann850@kideod.biz,95 / 140,Enoch Cann,enoch_cann1779@iitp.ac.in,9313421155,72.0/112.0,1401CS20,Option A,,Option B,Option C,Option B,Option C,Option D,Option D,,Option B,,Option A,Option B,,Option B,,Option C,Option D,Option B,Option D,Option A,Option A,,Option D,,Option A,Option C,Option D,"[19, 2, 7]"
07-08-2021 12:21,anabelle_nicholls592@jiman.org,80 / 140,Anabelle Nicholls,anabelle_nicholls990@iitp.ac.in,9013697703,62.0/112.0,1401CS51,Option A,Option D,Option B,Option C,Option B,Option C,Option D,,,Option A,Option D,,,,,Option D,Option C,Option D,,,Option A,,Option A,,,Option A,Option C,Option D,"[16, 1, 11]"
07-08-2021 12:21,bob_yoman7605@liret.org,75 / 140,Bob Yoman,bob_yoman8002@iitp.ac.in,9299602770,56.0/112.0,1401EE12,Option A,Option D,Option B,Option C,Option B,Option C,Option D,,,Option A,Option C,Option A,,,,,Option C,Option D,,,Option B,Option A,,Option D,,Option C,,Option D,"[15, 2, 11]"
07-08-2021 12:21,mark_rust2278@famism.biz,95 / 140,Mark Rust,mark_rust1634@iitp.ac.in,6202243119,70.0/112.0,1401CE57,Option A,,Option B,Option C,Option B,Option C,Option D,,,,Option D,Option A,Option D,,Option B,Option B,Option C,Option D,,Option D,Option D,Option A,Option A,Option D,Option D,Option A,Option C,Option D,"[19, 3, 6]"
07-08-2021 12:21,jade_emmott9517@typill.biz,95 / 140,Jade Emmott,jade_emmott4240@iitp.ac.in,9392787379,70.0/112.0,1401CB24,Option A,Option D,Option B,,Option C,Option C,Option D,Option D,Option A,Option A,Option C,Option A,,Option D,Option B,Option D,Option C,Option D,,Option D,,Option C,Option A,Option D,Option B,Option A,,,"[19, 3, 6]"
07-08-2021 12:21,wade_moore619@dionrab.com,95 / 140,Wade Moore,wade_moore9580@iitp.ac.in,8924952439,74.0/112.0,1401ME19,Option A,,Option B,Option C,,Option C,Option D,Option D,,Option A,,Option A,Option D,Option C,Option B,,Option C,Option D,,,Option A,,Option A,Option D,Option D,Option A,Option C,Option D,"[19, 1, 8]"
07-08-2021 12:21,christy_ianson4680@iatim.tech,110 / 140,Christy Ianson,christy_ianson9772@iitp.ac.in,7004057591,88.0/112.0,1401CE05,Option A,,Option B,Option C,,Option C,Option D,Option D,Option A,,Option C,Option A,,Option D,Option B,Option D,Option C,Option D,,Option D,,Option A,Option A,Option D,Option D,Option A,Option C,Option D,"[22, 0, 6]"
07-08-2021 12:21,tiffany_bryson5791@cispeto.com,95 / 140,Tiffany Bryson,tiffany_bryson9010@iitp.ac.in,7990574201,68.0/112.0,1401CB32,Option A,Option D,Option B,Option C,,Option C,,Option C,,Option A,Option C,Option A,Option B,Option D,Option B,Option D,Option C,Option D,,Option D,Option A,,Option B,Option D,Option B,Option A,Option C,Option D,"[19, 4, 5]"
07-08-2021 12:21,harmony_rowe4004@fuliss.net,135 / 140,Harmony Rowe,harmony_rowe3691@iitp.ac.in,9021580115,106.0/112.0,1401MM08,Option A,Option D,Option B,Option C,Option B,Option C,Option D,Option D,Option A,Option A,Option C,Option A,Option D,Option D,Option B,Option D,Option C,Option D,Option B,Option D,Option A,Option A,Option A,Option D,Option D,Option A,Option C,Option B,"[27, 1, 0]"
07-08-2021 12:21,karen_wright4484@nickia.com,100 / 140,Karen Wright,karen_wright2216@iitp.ac.in,9404786107,76.0/112.0,1401EE59,,,,,Option B,,Option D,Option D,Option A,,Option D,Option A,Option D,Option D,Option B,Option D,Option C,Option D,Option B,Option D,Option D,Option A,Option A,Option D,Option D,Option A,Option C,Option D,"[20, 2, 6]"
07-08-2021 12:21,jaylene_ramsey1674@qater.org,100 / 140,Jaylene Ramsey,jaylene_ramsey8124@iitp.ac.in,7569728543,70.0/112.0,1401MM09,Option A,Option D,Option B,Option C,Option B,Option C,Option D,Option D,Option C,,Option C,Option A,Option C,Option D,Option B,Option B,Option C,Option D,Option C,Option D,Option D,Option A,,Option D,,Option A,Option C,Option D,"[20, 5, 3]"
07-08-2021 12:21,norah_riley4302@tonsy.org,80 / 140,Norah Riley,norah_riley7892@iitp.ac.in,9723708889,62.0/112.0,1401EE41,Option A,,Option B,Option C,Option B,Option C,,Option D,,Option A,,Option D,Option D,Option D,Option B,,,Option D,Option B,,Option A,,,Option D,,Option A,,Option D,"[16, 1, 11]"
07-08-2021 12:21,tony_gray3051@womeona.net,100 / 140,Tony Gray,tony_gray5902@iitp.ac.in,6290839605,72.0/112.0,1401CE09,Option A,Option D,Option B,Option C,,Option C,Option D,Option D,,Option A,Option C,Option A,Option B,Option A,Option B,Option D,Option C,Option D,,,Option A,Option B,Option A,Option D,Option D,Option A,Option C,Option B,"[20, 4, 4]"
07-08-2021 12:21,javier_newman496@mafthy.com,100 / 140,Javier Newman,javier_newman6468@iitp.ac.in,7985859647,72.0/112.0,1401CE10,Option A,Option D,Option B,Option C,,Option C,Option D,Option D,,Option A,Option C,Option D,Option D,,,Option C,Option C,Option D,Option B,Option B,Option A,Option A,Option A,Option D,Option D,Option A,Option D,Option D,"[20, 4, 4]"
07-08-2021 12:21,rita_taylor9521@bauros.biz,85 / 140,Rita Taylor,rita_taylor8922@iitp.ac.in,7597226686,64.0/112.0,1401CE39,Option A,,Option B,Option C,,,Option D,Option D,,Option A,Option C,Option A,Option D,,Option B,Option D,Option B,Option D,,,Option A,,Option C,Option D,Option D,Option A,Option C,,"[17, 2, 9]"
07-08-2021 12:21,alessia_fulton6643@deons.tech,100 / 140,Alessia Fulton,alessia_fulton466@iitp.ac.in,7083797331,72.0/112.0,1401EE57,Option A,Option D,Option B,Option C,Option B,Option C,Option D,,,Option B,Option D,Option D,Option D,,Option B,Option D,Option C,Option A,Option B,Option D,Option A,Option A,Option A,Option D,,Option A,Option C,Option D,"[20, 4, 4]"
07-08-2021 12:21,barney_cobb8283@gompie.com,130 / 140,Barney Cobb,barney_cobb8340@iitp.ac.in,7700861080,100.0/112.0,1401EE60,Option A,Option D,Option B,Option C,Option B,Option C,Option D,Option D,Option A,Option B,Option C,Option A,Option D,Option D,Option B,Option D,Option C,Option D,Option B,Option D,Option D,Option A,Option A,Option D,Option D,Option A,Option C,Option D,"[26, 2, 0]"
07-08-2021 12:21,jules_rainford1521@iatim.tech,105 / 140,Jules Rainford,jules_rainford3379@iitp.ac.in,7505822217,80.0/112.0,1401EE63,Option A,Option D,Option B,Option C,Option B,Option D,Option D,,,Option A,Option C,Option A,,Option D,Option B,Option D,Option C,Option D,Option B,,Option A,Option A,Option A,Option D,,Option A,Option A,Option D,"[21, 2, 5]"
07-08-2021 12:21,andie_harrington2531@nanoff.biz,115 / 140,Andie Harrington,andie_harrington5457@iitp.ac.in,8840551520,82.0/112.0,1401CE16,Option A,Option D,Option A,Option C,Option A,Option C,Option D,Option D,Option B,Option A,Option C,Option A,Option D,Option D,Option B,Option D,Option C,Option D,Option B,Option B,Option A,Option B,Option A,Option D,Option D,Option A,Option C,Option D,"[23, 5, 0]"
07-08-2021 12:21,matthew_griffiths4303@guentu.biz,130 / 140,Matthew Griffiths,matthew_griffiths4064@iitp.ac.in,7268077407,100.0/112.0,1401ME70,Option B,Option D,Option B,Option C,Option B,Option C,Option D,Option D,Option A,Option A,Option C,Option A,Option D,Option D,Option A,Option D,Option C,Option D,Option B,Option D,Option A,Option A,Option A,Option D,Option D,Option A,Option C,Option D,"[26, 2, 0]"
07-08-2021 12:21,davina_lakey4342@grannar.com,90 / 140,Davina Lakey,davina_lakey3002@iitp.ac.in,7013320405,72.0/112.0,1401CE21,Option A,Option D,Option B,Option C,,Option C,,,,Option A,Option C,Option A,,Option D,Option B,,Option C,Option D,,,,Option A,Option A,Option D,,Option A,Option C,Option D,"[18, 0, 10]"
07-08-2021 12:21,johnathan_boden93@typill.biz,65 / 140,Johnathan Boden,johnathan_boden8568@iitp.ac.in,8198931646,34.0/112.0,1401ME24,Option B,Option D,Option B,Option C,Option D,,Option D,Option C,Option A,Option A,,Option C,,,Option B,Option B,Option B,Option D,Option B,Option D,Option A,Option B,Option B,,Option C,Option A,,Option D,"[13, 9, 6]"
07-08-2021 12:21,isabella_gallacher1244@grannar.com,115 / 140,Isabella Gallacher,isabella_gallacher9348@iitp.ac.in,9207997757,84.0/112.0,1401CB13,Option A,Option D,Option B,Option C,Option D,Option C,Option D,Option D,Option D,Option A,Option D,Option A,Option D,Option D,Option B,Option D,Option C,Option D,,Option D,Option A,Option A,Option A,Option D,Option D,Option A,Option C,Option B,"[23, 4, 1]"
07-08-2021 12:21,darlene_goodman9229@cispeto.com,70 / 140,Darlene Goodman,darlene_goodman7285@iitp.ac.in,7489782274,28.0/112.0,1401CB01,Option A,Option C,Option B,Option C,Option C,Option C,Option D,Option C,Option C,Option C,Option C,Option A,Option C,Option C,Option C,Option D,Option C,Option B,Option C,Option D,Option C,Option C,Option C,Option D,Option C,Option A,Option C,Option D,"[14, 14, 0]"
07-08-2021 12:21,melinda_gibson6828@elnee.tech,135 / 140,Melinda Gibson,melinda_gibson3947@iitp.ac.in,8827594296,106.0/112.0,1401MM16,Option A,Option D,Option B,Option C,Option B,Option C,Option D,Option D,Option A,Option A,Option C,Option A,Option D,Option D,Option B,Option D,Option C,Option D,Option B,Option D,Option A,Option A,Option A,Option D,Option D,Option A,Option C,Option B,"[27, 1, 0]"
07-08-2021 12:21,michelle_bailey876@yahoo.com,85 / 140,Michelle Bailey,michelle_bailey8204@iitp.ac.in,6263538506,68.0/112.0,1401CE26,,,,Option C,,,Option D,Option D,,Option A,,Option A,Option D,,Option B,Option D,Option C,Option D,,,Option A,,Option A,Option D,Option D,Option A,Option C,Option D,"[17, 0, 11]"
07-08-2021 12:21,cedrick_little3529@nimogy.biz,80 / 140,Cedrick Little,cedrick_little1287@iitp.ac.in,9826176632,54.0/112.0,1401CS01,Option A,Option D,Option B,,Option B,Option C,Option D,Option D,,Option A,Option C,Option A,Option B,,,Option C,,Option D,Option C,,Option B,Option A,Option A,Option D,,Option A,Option B,Option D,"[16, 5, 7]"
07-08-2021 12:21,ron_mills3425@irrepsy.com,120 / 140,Ron Mills,ron_mills8713@iitp.ac.in,8104999366,92.0/112.0,1401EE22,Option A,Option D,Option B,,Option B,Option C,Option D,Option D,Option A,Option A,Option C,Option A,Option D,Option D,Option B,Option D,Option C,Option D,Option A,Option D,Option D,Option A,Option A,Option D,,Option A,Option C,Option D,"[24, 2, 2]"
07-08-2021 12:21,wade_nelson430@gompie.com,90 / 140,Wade Nelson,wade_nelson7792@iitp.ac.in,9618911215,64.0/112.0,1401CS19,Option A,,Option B,Option C,Option D,Option C,Option D,Option D,Option C,Option D,,Option A,Option D,Option D,Option B,Option D,Option C,Option D,Option C,,,Option A,Option A,Option D,,Option A,Option C,,"[18, 4, 6]"
07-08-2021 12:21,alex_edwards3850@irrepsy.com,120 / 140,Alex Edwards,alex_edwards8134@iitp.ac.in,8709814323,94.0/112.0,1401EE40,Option A,Option D,Option B,Option C,Option B,Option C,Option D,Option D,Option A,Option B,Option C,Option A,,Option D,Option B,Option D,Option C,Option D,,Option D,Option A,Option A,Option A,Option D,,Option A,Option C,Option D,"[24, 1, 3]"
07-08-2021 12:21,aurelia_quinnell5167@sveldo.biz,90 / 140,Aurelia Quinnell,aurelia_quinnell433@iitp.ac.in,7992366082,66.0/112.0,1401CB07,Option A,,Option B,Option C,Option B,Option C,Option D,Option D,Option D,Option B,Option B,Option A,,Option D,Option B,Option D,,Option D,Option B,,,,Option A,Option D,Option D,Option A,,Option D,"[18, 3, 7]"
07-08-2021 12:21,abbey_purvis8119@mafthy.com,95 / 140,Abbey Purvis,abbey_purvis4195@iitp.ac.in,7004160381,66.0/112.0,1401CE58,Option A,,Option B,Option C,Option B,Option C,Option D,Option D,Option D,Option A,Option D,Option A,Option D,,Option B,Option B,Option C,Option A,,Option D,Option D,Option A,,Option D,Option D,Option A,Option C,Option D,"[19, 5, 4]"
07-08-2021 12:21,maddison_tobin9561@womeona.net,115 / 140,Maddison Tobin,maddison_tobin8296@iitp.ac.in,8433057946,90.0/112.0,1401CB04,Option A,Option D,Option B,Option C,Option B,Option C,Option D,,,Option A,Option C,Option A,Option D,Option D,Option B,Option D,Option C,Option D,,Option D,Option A,,Option A,Option D,Option B,Option A,Option C,Option D,"[23, 1, 4]"
07-08-2021 12:21,bristol_quinton4660@famism.biz,75 / 140,Bristol Quinton,bristol_quinton3904@iitp.ac.in,8000562095,50.0/112.0,1401EE37,Option A,Option D,Option B,Option C,Option B,Option C,Option D,,,Option A,Option C,,,,Option A,Option C,Option C,Option D,,Option B,Option A,,Option A,Option D,Option B,,Option B,Option D,"[15, 5, 8]"
07-08-2021 12:21,lindsay_exton2267@bretoux.com,95 / 140,Lindsay Exton,lindsay_exton7224@iitp.ac.in,8890871405,76.0/112.0,1401CE32,Option A,,Option B,Option C,,Option C,Option D,Option D,,Option A,,Option A,Option D,,Option B,,Option C,Option D,Option B,,Option A,,Option A,Option D,Option D,Option A,Option C,,"[19, 0, 9]"
07-08-2021 12:21,alessandra_gordon3570@hourpy.biz,70 / 140,Alessandra Gordon,alessandra_gordon1940@iitp.ac.in,9492866048,48.0/112.0,1401CS42,Option C,,Option B,,,,Option D,Option D,Option A,,Option D,Option A,,Option D,Option B,Option D,Option C,,,Option C,,,Option A,Option D,Option D,Option A,Option C,Option A,"[14, 4, 10]"
07-08-2021 12:21,tom_kelly9716@acrit.org,100 / 140,Tom Kelly,tom_kelly2117@iitp.ac.in,8274905669,76.0/112.0,1401EE48,,Option D,Option B,Option C,Option B,Option C,,Option D,Option A,,Option D,Option A,,Option D,Option B,Option D,Option C,Option D,,Option D,,Option A,Option A,Option D,Option D,Option A,Option C,Option B,"[20, 2, 6]"
07-08-2021 12:21,aleksandra_mcleod9387@extex.org,45 / 140,Aleksandra Mcleod,aleksandra_mcleod4954@iitp.ac.in,9922917887,22.0/112.0,1401CB54,,,Option B,Option C,,Option C,Option A,Option D,Option C,,Option D,,Option B,Option D,,,,Option D,,Option D,,Option B,,Option D,Option B,Option C,,Option D,"[9, 7, 12]"
07-08-2021 12:21,aileen_hamilton732@muall.tech,80 / 140,Aileen Hamilton,aileen_hamilton9224@iitp.ac.in,6355005147,58.0/112.0,1401EE82,Option A,Option D,Option B,Option C,Option B,Option C,Option D,,,Option A,Option A,Option A,,,Option B,Option D,Option C,Option D,Option B,,Option D,,Option A,,,Option A,,Option B,"[16, 3, 9]"
07-08-2021 12:21,oliver_walker2847@nimogy.biz,90 / 140,Oliver Walker,oliver_walker42@iitp.ac.in,7840029135,62.0/112.0,1401CS79,Option A,Option D,Option B,Option C,Option B,Option C,,,Option B,Option A,Option C,,Option B,Option D,,Option D,Option C,Option D,Option B,,Option D,Option A,Option A,Option D,Option B,Option A,Option B,Option D,"[18, 5, 5]"
07-08-2021 12:21,clint_fenton6951@iatim.tech,105 / 140,Clint Fenton,clint_fenton8373@iitp.ac.in,8791172525,74.0/112.0,1401CB03,Option A,Option D,Option B,Option C,Option C,Option C,Option D,Option B,,Option A,Option C,Option A,Option B,Option D,Option B,Option C,Option C,Option D,,Option D,Option A,Option B,Option A,Option D,Option D,Option A,Option C,Option D,"[21, 5, 2]"
07-08-2021 12:21,harvey_giles6814@nanoff.biz,120 / 140,Harvey Giles,harvey_giles7622@iitp.ac.in,7670977624,96.0/112.0,1401CS47,Option A,Option D,Option B,Option C,Option B,,Option D,,Option A,Option A,Option C,Option A,,Option D,Option B,Option D,Option C,Option D,Option B,Option D,Option A,Option A,Option A,Option D,,Option A,Option C,Option D,"[24, 0, 4]"
07-08-2021 12:21,kaylee_stevenson3313@liret.org,65 / 140,Kaylee Stevenson,kaylee_stevenson3889@iitp.ac.in,9414918685,48.0/112.0,1401CE31,,,Option B,,Option B,Option C,Option D,,,,,,,,Option B,Option D,Option C,,Option B,,Option A,,Option C,Option D,Option D,Option A,Option C,Option B,"[13, 2, 13]"
07-08-2021 12:21,stephanie_emmott1753@jiman.org,80 / 140,Stephanie Emmott,stephanie_emmott9454@iitp.ac.in,7568145092,60.0/112.0,1401CS30,,Option D,Option A,Option C,,Option C,Option D,Option D,Option A,Option A,,,,,,,Option C,Option D,Option B,,Option A,Option A,Option A,Option D,,Option A,Option C,Option B,"[16, 2, 10]"
07-08-2021 12:21,catherine_cork6627@gembat.biz,45 / 140,Catherine Cork,catherine_cork1658@iitp.ac.in,9507949460,36.0/112.0,1401CB42,Option A,,Option B,Option C,,,,,,Option A,,Option A,,,,,Option C,Option D,,,,,,,,Option A,,Option D,"[9, 0, 19]"
07-08-2021 12:21,clarissa_little3481@muall.tech,75 / 140,Clarissa Little,clarissa_little8898@iitp.ac.in,9669933211,52.0/112.0,1401CE59,Option A,,Option B,Option C,,Option D,Option D,,Option C,Option A,,Option A,Option D,,Option B,Option C,Option C,Option D,Option B,,Option D,,Option A,Option D,,Option A,,Option D,"[15, 4, 9]"
07-08-2021 12:21,diane_warner4740@nanoff.biz,100 / 140,Diane Warner,diane_warner9814@iitp.ac.in,7893142313,70.0/112.0,1401EE30,Option A,,Option B,Option C,,,Option D,Option D,Option A,Option A,Option D,Option A,Option D,Option D,Option B,Option C,Option C,Option A,Option C,Option D,Option D,Option A,Option A,Option D,Option D,Option A,Option C,Option D,"[20, 5, 3]"
07-08-2021 12:21,mark_brock4700@vetan.org,130 / 140,Mark Brock,mark_brock4989@iitp.ac.in,7021991501,102.0/112.0,1401CB48,Option B,Option D,Option B,Option C,Option B,,Option D,Option D,Option A,Option A,Option C,Option A,Option D,Option D,Option B,Option D,Option C,Option D,Option B,Option D,Option A,Option A,Option A,Option D,Option D,Option A,Option C,Option D,"[26, 1, 1]"
07-08-2021 12:21,mara_donnelly3643@guentu.biz,80 / 140,Mara Donnelly,mara_donnelly3986@iitp.ac.in,7597460217,56.0/112.0,1401EE45,Option A,,Option B,Option C,Option B,,,Option D,,,Option D,Option A,Option D,,Option B,Option B,Option C,Option A,,Option D,Option D,Option A,,Option D,Option D,Option A,Option C,Option D,"[16, 4, 8]"
07-08-2021 12:21,erick_taylor9711@mafthy.com,60 / 140,Erick Taylor,erick_taylor4343@iitp.ac.in,6287855728,42.0/112.0,1401CB52,,Option D,Option B,,Option B,Option C,,,,,Option B,Option A,,Option D,Option B,,Option C,,Option A,Option D,Option A,Option B,,Option D,,Option A,,,"[12, 3, 13]"
07-08-2021 12:21,bart_willis5688@corti.com,120 / 140,Bart Willis,bart_willis1099@iitp.ac.in,8529750338,90.0/112.0,1401CS59,Option A,,Option B,Option C,Option B,Option C,Option D,Option D,Option C,Option A,Option C,Option A,Option B,Option D,Option B,Option D,Option C,Option D,Option B,Option D,Option A,Option A,Option A,Option D,Option D,Option A,Option D,Option D,"[24, 3, 1]"
07-08-2021 12:21,vicky_weldon1112@infotech44.tech,65 / 140,Vicky Weldon,vicky_weldon4939@iitp.ac.in,9162027181,46.0/112.0,1401CE46,,,Option B,,,Option C,Option D,Option D,,Option A,,Option A,Option B,,Option B,Option D,Option C,,,Option B,,Option C,Option A,Option D,,Option A,,Option D,"[13, 3, 12]"
07-08-2021 12:21,boris_harrison5921@nickia.com,100 / 140,Boris Harrison,boris_harrison3622@iitp.ac.in,9648276464,78.0/112.0,1401CE64,Option A,,Option B,Option C,,Option C,Option D,Option D,,Option A,,Option A,Option D,,Option B,,Option C,Option D,Option B,Option C,Option A,,Option A,Option D,Option D,Option A,Option C,Option D,"[20, 1, 7]"
07-08-2021 12:21,sara_willis7661@corti.com,80 / 140,Sara Willis,sara_willis6832@iitp.ac.in,8544637358,64.0/112.0,1401ME67,,,Option B,,Option B,Option C,,,,Option A,Option C,,,,Option B,Option D,,Option D,Option B,Option D,Option A,,Option A,Option D,,Option A,Option C,Option D,"[16, 0, 12]"
07-08-2021 12:21,jacob_robertson5637@grannar.com,90 / 140,Jacob Robertson,jacob_robertson8580@iitp.ac.in,7372835523,64.0/112.0,1401CE27,Option A,,Option B,,Option B,,Option D,Option D,,,Option D,Option A,Option D,Option D,Option B,Option B,Option C,Option A,,Option D,Option D,Option A,Option A,Option D,Option D,Option A,Option C,Option D,"[18, 4, 6]"
07-08-2021 12:21,eileen_rowan1164@supunk.biz,100 / 140,Eileen Rowan,eileen_rowan4472@iitp.ac.in,7891525999,68.0/112.0,1401CS17,Option A,,Option B,Option C,Option B,Option C,,Option D,Option A,Option A,Option D,Option D,Option D,Option B,Option B,Option C,Option C,Option C,Option B,Option D,Option A,Option A,Option A,Option D,Option D,Option A,Option C,Option B,"[20, 6, 2]"
07-08-2021 12:21,harvey_hudson9277@bulaffy.com,95 / 140,Harvey Hudson,harvey_hudson6510@iitp.ac.in,8712309567,58.0/112.0,1401CS16,Option A,Option D,Option B,Option C,Option C,Option C,Option D,Option C,Option A,Option A,Option A,Option C,Option B,Option D,Option B,Option C,Option C,Option D,Option C,Option D,Option C,Option A,Option B,Option D,Option D,Option A,Option C,Option D,"[19, 9, 0]"
07-08-2021 12:21,belinda_franks9295@dionrab.com,90 / 140,Belinda Franks,belinda_franks7283@iitp.ac.in,9983596950,70.0/112.0,1401ME15,,,Option B,,Option B,Option C,Option D,,,Option A,,,,Option D,Option B,Option D,Option C,Option D,Option A,Option D,Option A,Option A,Option A,Option D,,Option A,Option C,Option D,"[18, 1, 9]"
07-08-2021 12:21,kieth_graham77@elnee.tech,95 / 140,Kieth Graham,kieth_graham882@iitp.ac.in,8405046048,72.0/112.0,1401CS64,,,Option B,,Option B,Option C,Option D,,Option A,Option A,,Option C,,Option D,Option B,Option D,Option C,Option D,Option B,Option D,Option A,Option A,Option A,Option D,Option D,Option C,,Option D,"[19, 2, 7]"
07-08-2021 12:21,valerie_simpson4168@iatim.tech,110 / 140,Valerie Simpson,valerie_simpson9218@iitp.ac.in,9398711723,84.0/112.0,1401CB62,Option A,Option D,Option B,Option C,,Option C,Option D,Option D,Option A,,,Option A,Option D,Option D,Option B,Option D,Option C,Option D,Option A,Option D,Option D,Option A,Option A,Option D,,Option A,Option C,Option D,"[22, 2, 4]"
07-08-2021 12:21,mark_connell2779@bulaffy.com,105 / 140,Mark Connell,mark_connell2111@iitp.ac.in,7355340223,78.0/112.0,1401CS60,Option A,Option D,Option B,Option C,Option D,Option C,Option D,Option D,Option A,Option A,,Option A,Option D,,Option B,Option D,Option C,Option D,Option A,Option D,,,Option A,Option D,Option D,Option A,Option D,Option D,"[21, 3, 4]"
07-08-2021 12:21,boris_coll5866@yahoo.com,75 / 140,Boris Coll,boris_coll1907@iitp.ac.in,9006384450,60.0/112.0,1401EE66,Option A,,Option B,Option C,Option B,Option C,,Option D,,,Option C,Option A,,,Option B,,Option C,Option D,Option B,,,,Option A,Option D,,,,Option D,"[15, 0, 13]"
07-08-2021 12:21,carl_noon4750@twace.org,70 / 140,Carl Noon,carl_noon1584@iitp.ac.in,9954322531,52.0/112.0,1401CB58,,,Option B,,Option C,Option C,Option D,,Option A,Option A,Option C,Option A,Option D,,,Option D,,,,,Option A,,Option A,Option D,Option B,Option A,Option C,,"[14, 2, 12]"
07-08-2021 12:21,margot_terry9622@acrit.org,85 / 140,Margot Terry,margot_terry509@iitp.ac.in,6397229170,62.0/112.0,1401MM21,Option A,,Option B,Option C,Option A,,Option D,,,Option A,Option D,Option A,Option D,Option D,Option B,,Option C,Option D,Option A,Option D,Option A,,,Option D,,Option A,Option C,Option D,"[17, 3, 8]"
07-08-2021 12:21,danny_allen2687@brety.org,95 / 140,Danny Allen,danny_allen7243@iitp.ac.in,9392513015,72.0/112.0,1401ME34,Option A,Option D,Option B,Option C,,,Option D,Option D,Option A,Option A,,Option A,Option D,Option D,Option B,,Option C,Option D,,Option D,,Option A,Option A,Option D,,Option B,Option C,Option B,"[19, 2, 7]"
07-08-2021 12:21,karen_edley1572@cispeto.com,70 / 140,Karen Edley,karen_edley1044@iitp.ac.in,9356703031,48.0/112.0,1401ME59,Option A,Option D,Option B,Option C,,Option C,Option D,,,Option A,Option D,,,,Option B,Option C,Option C,Option D,Option A,Option B,,,Option A,,,Option A,Option C,Option D,"[14, 4, 10]"
07-08-2021 12:21,doug_lynn3945@guentu.biz,85 / 140,Doug Lynn,doug_lynn7947@iitp.ac.in,8539810934,66.0/112.0,1401ME33,Option A,,Option B,Option C,,Option C,Option D,,,Option B,,Option A,Option D,Option D,Option B,,Option C,Option D,,,Option A,,Option A,Option D,Option D,Option A,Option C,,"[17, 1, 10]"
07-08-2021 12:21,bethany_dobson5061@sheye.org,135 / 140,Bethany Dobson,bethany_dobson1629@iitp.ac.in,7696795106,106.0/112.0,1401MM37,Option A,Option D,Option B,Option C,Option B,Option C,Option D,Option D,Option A,Option A,Option C,Option A,Option D,Option D,Option B,Option D,Option C,Option D,Option B,Option D,Option A,Option A,Option A,Option D,Option D,Option A,Option C,Option B,"[27, 1, 0]"
07-08-2021 12:21,sabina_hope5558@nanoff.biz,95 / 140,Sabina Hope,sabina_hope1868@iitp.ac.in,8208472006,64.0/112.0,1401CB21,Option A,Option D,Option B,Option C,,Option C,Option D,Option D,Option A,Option D,Option D,Option A,Option D,Option A,Option A,Option B,Option C,Option D,Option A,Option D,Option A,,Option A,Option D,,Option A,Option C,Option D,"[19, 6, 3]"
07-08-2021 12:21,johnny_quinn3029@irrepsy.com,65 / 140,Johnny Quinn,johnny_quinn3648@iitp.ac.in,9528630408,46.0/112.0,1401EE49,Option A,,,Option C,Option A,,,,,,Option D,Option A,Option D,,Option B,,Option C,Option D,Option A,Option D,Option A,,,Option D,,Option A,Option C,Option D,"[13, 3, 12]"
07-08-2021 12:21,ramon_quinn6123@famism.biz,90 / 140,Ramon Quinn,ramon_quinn5168@iitp.ac.in,9425457272,62.0/112.0,1401MM28,Option A,,Option B,Option C,Option A,,Option D,Option A,,Option A,Option D,Option A,Option D,,Option B,Option A,Option C,Option D,Option A,Option D,Option A,,Option A,Option D,Option D,Option A,Option C,Option D,"[18, 5, 5]"
07-08-2021 12:21,isla_andrews4615@eirey.tech,100 / 140,Isla Andrews,isla_andrews9317@iitp.ac.in,8619481946,74.0/112.0,1401CE28,Option A,,Option B,Option C,Option B,,Option D,Option D,,Option A,Option D,Option A,Option D,,Option B,Option B,Option C,Option D,,Option D,Option D,Option A,Option A,Option D,Option D,Option A,Option C,Option D,"[20, 3, 5]"
07-08-2021 12:21,destiny_moran9656@gompie.com,95 / 140,Destiny Moran,destiny_moran5173@iitp.ac.in,9580515499,74.0/112.0,1401CB47,Option A,,Option B,Option C,,Option C,Option D,Option D,,Option A,,Option A,Option D,Option C,Option B,,Option C,Option D,Option B,,Option A,,Option A,Option D,Option D,Option A,Option C,,"[19, 1, 8]"
07-08-2021 12:21,noemi_rossi3570@bulaffy.com,70 / 140,Noemi Rossi,noemi_rossi1309@iitp.ac.in,9431218347,48.0/112.0,1401ME48,Option A,Option D,Option B,Option C,,Option C,,Option D,,,Option B,Option A,,,,,Option C,Option D,Option B,,Option B,Option B,Option A,Option D,,Option B,Option C,Option D,"[14, 4, 10]"
07-08-2021 12:21,penelope_coleman4312@elnee.tech,110 / 140,Penelope Coleman,penelope_coleman9597@iitp.ac.in,8813962905,84.0/112.0,1401CE50,Option A,Option D,Option B,Option C,,Option C,Option D,Option D,,Option A,Option C,Option A,Option D,Option D,Option B,Option D,Option C,Option D,Option A,Option D,Option D,,Option A,Option D,,Option A,Option C,Option D,"[22, 2, 4]"
07-08-2021 12:21,danielle_clayton7093@muall.tech,65 / 140,Danielle Clayton,danielle_clayton912@iitp.ac.in,9352310418,52.0/112.0,1401MM23,Option A,,Option B,,Option B,,,Option D,,Option A,Option C,,,,Option B,Option D,Option C,,,,,,Option A,Option D,Option D,,,Option D,"[13, 0, 15]"
07-08-2021 12:21,angelina_flack9041@eirey.tech,50 / 140,Angelina Flack,angelina_flack7389@iitp.ac.in,7985782771,40.0/112.0,1401ME64,,,Option B,,,Option C,,,,Option A,,,,,Option B,,,Option D,,,Option A,,,Option D,,Option A,Option C,Option D,"[10, 0, 18]"
07-08-2021 12:21,diane_yoman9046@qater.org,95 / 140,Diane Yoman,diane_yoman6710@iitp.ac.in,9707892531,58.0/112.0,1401ME40,Option A,Option A,Option B,Option C,Option B,Option D,Option D,Option D,Option D,Option A,Option D,Option D,Option D,Option D,Option B,Option B,Option C,Option A,Option C,Option D,Option A,Option B,Option A,Option D,Option D,Option A,Option C,Option D,"[19, 9, 0]"
07-08-2021 12:21,fred_oldfield1365@supunk.biz,35 / 140,Fred Oldfield,fred_oldfield4580@iitp.ac.in,7425861151,22.0/112.0,1401CE66,,,Option B,,,,Option D,,,,Option C,,,,Option B,,Option C,Option D,Option D,,,Option A,,,,,Option A,Option B,"[7, 3, 18]"
07-08-2021 12:21,peter_rodgers8260@infotech44.tech,60 / 140,Peter Rodgers,peter_rodgers6914@iitp.ac.in,8104306900,46.0/112.0,1401MM24,Option A,Option D,Option B,Option C,,,Option D,,,,Option C,,,,,Option D,,Option D,Option D,,,Option A,,,Option D,Option A,,Option D,"[12, 1, 15]"
07-08-2021 12:21,hayden_torres9154@elnee.tech,70 / 140,Hayden Torres,hayden_torres2823@iitp.ac.in,6307054684,54.0/112.0,1401EE42,,,,Option C,,,Option D,Option D,Option A,,Option C,,Option D,Option D,,Option D,Option C,,,,Option D,Option A,Option A,Option D,Option D,Option A,,,"[14, 1, 13]"
07-08-2021 12:21,rufus_hopkinson6625@supunk.biz,95 / 140,Rufus Hopkinson,rufus_hopkinson109@iitp.ac.in,7828639832,70.0/112.0,1401CB53,Option A,Option D,Option B,Option C,,Option C,,,,Option B,,Option A,Option D,Option D,Option B,Option D,Option C,Option D,Option B,Option D,Option D,,Option A,Option D,Option B,Option A,Option C,Option D,"[19, 3, 6]"
07-08-2021 12:21,joseph_walsh5824@twipet.com,90 / 140,Joseph Walsh,joseph_walsh1697@iitp.ac.in,7683024920,70.0/112.0,1401CS09,Option B,Option D,Option B,Option C,,Option C,Option D,,,Option A,Option C,Option A,,,,Option D,Option C,Option D,,,Option A,,Option A,Option D,Option D,Option A,Option C,Option D,"[18, 1, 9]"
07-08-2021 12:21,martin_speed2601@iatim.tech,90 / 140,Martin Speed,martin_speed5620@iitp.ac.in,8400453783,66.0/112.0,1401CB20,Option A,Option D,Option B,Option C,,Option C,Option D,Option D,,Option B,,Option A,,,Option B,Option C,Option C,Option D,,,Option A,Option A,Option C,Option D,Option D,Option A,Option C,Option D,"[18, 3, 7]"
07-08-2021 12:21,gina_allington2829@famism.biz,70 / 140,Gina Allington,gina_allington3716@iitp.ac.in,7488782718,52.0/112.0,1401MM18,,,Option B,Option C,Option B,Option C,Option D,,,Option A,,,,,Option B,,Option C,Option D,Option A,Option D,Option A,,Option A,Option D,,,Option C,Option B,"[14, 2, 12]"
07-08-2021 12:21,roger_grady4212@supunk.biz,120 / 140,Roger Grady,roger_grady8278@iitp.ac.in,9970006558,94.0/112.0,1401ME41,Option B,Option D,Option B,Option C,,,Option D,Option D,Option A,,Option C,Option A,Option D,Option D,Option B,Option D,Option C,Option D,Option B,Option D,Option A,Option A,Option A,Option D,Option D,Option A,Option C,Option D,"[24, 1, 3]"
07-08-2021 12:21,erick_john9939@kideod.biz,105 / 140,Erick John,erick_john6180@iitp.ac.in,9608112503,80.0/112.0,1401CB10,Option A,Option D,Option B,Option C,,Option C,Option D,Option D,,,Option C,Option A,Option D,Option D,Option B,Option D,Option C,Option D,,Option D,Option D,,Option A,Option D,Option D,Option A,Option C,Option B,"[21, 2, 5]"
07-08-2021 12:21,rufus_little6832@womeona.net,50 / 140,Rufus Little,rufus_little5763@iitp.ac.in,8521987087,16.0/112.0,1401ME47,Option D,Option D,Option B,Option C,,Option B,Option D,Option B,Option B,Option C,Option D,,Option D,,Option B,Option A,Option B,Option D,,Option C,Option B,,,Option C,Option D,Option C,Option C,Option D,"[10, 12, 6]"
07-08-2021 12:21,georgia_weston7931@brety.org,55 / 140,Georgia Weston,georgia_weston7615@iitp.ac.in,7852818654,32.0/112.0,1401ME29,Option A,,Option C,Option B,,Option C,,,,Option B,,Option A,,Option C,,,Option C,Option D,,Option D,Option A,Option C,Option A,Option D,,Option A,Option B,Option D,"[11, 6, 11]"
07-08-2021 12:21,jacob_franks3443@iatim.tech,70 / 140,Jacob Franks,jacob_franks662@iitp.ac.in,9472938779,48.0/112.0,1401CE12,Option C,Option D,Option B,Option C,,Option B,Option D,,,Option B,Option C,Option A,,,,,Option C,Option D,,,Option A,Option A,Option A,Option D,,Option A,Option B,Option D,"[14, 4, 10]"
07-08-2021 12:21,meredith_morris8999@acrit.org,85 / 140,Meredith Morris,meredith_morris2274@iitp.ac.in,9665309155,68.0/112.0,1401CB15,Option A,,Option B,Option C,Option B,Option C,Option D,,,Option A,Option C,,Option D,,Option B,,,Option D,,Option D,Option A,,,Option D,,Option A,Option C,Option D,"[17, 0, 11]"
07-08-2021 12:21,margot_pope1859@ovock.tech,125 / 140,Margot Pope,margot_pope581@iitp.ac.in,7643860499,94.0/112.0,1401ME35,Option B,Option A,Option B,Option C,Option B,Option C,Option D,Option D,Option A,Option A,Option C,Option A,Option D,Option D,Option B,Option D,Option C,Option D,Option B,Option D,Option A,Option A,Option A,Option D,Option D,Option A,Option D,Option D,"[25, 3, 0]"
07-08-2021 12:21,alexander_fenton5258@naiker.biz,115 / 140,Alexander Fenton,alexander_fenton7745@iitp.ac.in,8955898905,92.0/112.0,1401CS32,,Option D,Option B,Option C,Option B,,Option D,Option D,Option A,Option A,Option C,Option A,Option D,Option D,Option B,Option D,Option C,,Option B,Option D,Option A,Option A,Option A,Option D,,Option A,Option C,,"[23, 0, 5]"
07-08-2021 12:21,ada_welsch6683@dionrab.com,125 / 140,Ada Welsch,ada_welsch7404@iitp.ac.in,8890316950,98.0/112.0,1401CB26,Option A,Option D,Option B,Option C,Option B,Option C,Option D,,,Option A,Option C,Option A,Option D,Option D,Option B,Option D,Option C,Option D,Option A,Option D,Option A,Option A,Option A,Option D,Option D,Option A,Option C,Option D,"[25, 1, 2]"
07-08-2021 12:21,barney_wellington8078@grannar.com,105 / 140,Barney Wellington,barney_wellington1757@iitp.ac.in,7742632335,84.0/112.0,1401CE14,Option A,,Option B,Option C,,Option C,Option D,Option D,,Option A,Option C,Option A,Option D,,Option B,Option D,Option C,Option D,,,Option A,,Option A,Option D,Option D,Option A,Option C,Option D,"[21, 0, 7]"
07-08-2021 12:21,roger_healy1800@acrit.org,95 / 140,Roger Healy,roger_healy3408@iitp.ac.in,7007759590,64.0/112.0,1401CS72,Option D,Option D,Option B,Option C,Option B,Option C,Option D,Option D,,,Option D,Option A,Option B,Option D,Option B,Option B,Option C,Option D,Option B,,Option B,Option B,Option A,Option D,Option D,Option A,Option C,Option D,"[19, 6, 3]"
07-08-2021 12:21,nathan_neal7763@deavo.com,95 / 140,Nathan Neal,nathan_neal7671@iitp.ac.in,6309745624,68.0/112.0,1401EE23,Option A,,Option B,Option C,,,Option D,Option D,Option A,,Option D,Option A,Option D,Option D,Option B,Option D,Option C,Option A,Option C,Option D,Option D,,Option A,Option D,Option D,Option A,Option C,Option D,"[19, 4, 5]"
07-08-2021 12:21,mike_allwood8439@twipet.com,115 / 140,Mike Allwood,mike_allwood4049@iitp.ac.in,9413705605,82.0/112.0,1401CE40,Option A,Option D,Option B,Option C,Option B,Option C,Option D,Option D,Option D,Option A,Option D,Option A,Option D,Option D,Option B,Option B,Option C,Option A,Option B,Option D,Option D,Option A,Option A,Option D,Option D,Option A,Option C,Option D,"[23, 5, 0]"
07-08-2021 12:21,bob_tennant2755@corti.com,105 / 140,Bob Tennant,bob_tennant9303@iitp.ac.in,9636806519,82.0/112.0,1401CE53,Option A,Option D,Option B,Option C,Option B,Option C,Option D,Option D,,,,Option A,Option D,,Option B,Option D,Option C,Option D,Option B,Option B,Option A,,Option A,Option D,Option D,Option A,Option C,,"[21, 1, 6]"
07-08-2021 12:21,rick_gray3919@guentu.biz,75 / 140,Rick Gray,rick_gray5017@iitp.ac.in,9896842362,48.0/112.0,1401EE05,Option A,,Option A,Option C,,,Option D,,Option B,Option A,Option C,Option A,Option B,,Option B,Option D,Option C,Option B,Option B,Option B,Option B,,Option A,Option D,,Option A,Option C,Option D,"[15, 6, 7]"
07-08-2021 12:21,skylar_devonport4462@elnee.tech,115 / 140,Skylar Devonport,skylar_devonport615@iitp.ac.in,9769544158,90.0/112.0,1401CB59,Option A,Option D,Option B,Option C,,Option C,Option D,,Option A,Option A,Option C,Option A,Option D,Option D,Option B,Option D,Option C,Option D,,Option D,Option A,,Option A,Option D,Option B,Option A,Option C,Option D,"[23, 1, 4]"
07-08-2021 12:21,gabriel_underhill3627@infotech44.tech,95 / 140,Gabriel Underhill,gabriel_underhill8842@iitp.ac.in,9121562360,70.0/112.0,1401ME78,Option A,Option D,Option B,Option B,,Option C,Option D,,Option A,Option A,Option D,Option A,Option D,Option D,Option B,Option B,Option C,Option D,,Option D,,Option A,,Option D,,Option A,Option C,Option D,"[19, 3, 6]"
07-08-2021 12:21,rosa_alcroft2604@sheye.org,120 / 140,Rosa Alcroft,rosa_alcroft7718@iitp.ac.in,6302444464,92.0/112.0,1401CS34,Option A,Option D,Option B,Option C,,Option C,Option D,Option D,Option A,Option A,Option C,Option A,Option D,Option D,Option B,Option D,Option C,Option D,,Option D,Option A,Option A,Option A,Option D,Option B,Option A,Option B,Option D,"[24, 2, 2]"
07-08-2021 12:21,george_grey8620@joiniaa.com,90 / 140,George Grey,george_grey9870@iitp.ac.in,6205866477,66.0/112.0,1401ME36,,Option D,Option B,Option C,,,Option D,,Option A,,Option D,Option A,Option D,Option D,Option B,Option D,Option C,,Option B,Option D,Option D,,Option A,Option D,Option D,Option A,Option C,Option B,"[18, 3, 7]"
07-08-2021 12:21,peyton_ranks8212@jiman.org,60 / 140,Peyton Ranks,peyton_ranks2889@iitp.ac.in,7888151128,48.0/112.0,1401ME09,Option A,,Option B,Option C,Option B,Option C,,,Option A,Option A,,,,Option D,,,Option C,Option D,,Option D,,,,,,,,Option D,"[12, 0, 16]"
07-08-2021 12:21,peter_gibson8577@acrit.org,110 / 140,Peter Gibson,peter_gibson4632@iitp.ac.in,8601143309,88.0/112.0,1401CB57,Option A,,Option B,Option C,Option B,Option C,Option D,Option D,,Option A,,Option A,Option D,,Option B,Option D,Option C,Option D,,Option D,Option A,,Option A,Option D,Option D,Option A,Option C,Option D,"[22, 0, 6]"
07-08-2021 12:21,jennifer_jefferson5135@famism.biz,45 / 140,Jennifer Jefferson,jennifer_jefferson5197@iitp.ac.in,6359386554,28.0/112.0,1401CS28,,Option D,Option A,Option C,Option B,,,,,Option A,Option C,Option A,Option B,,,,,,,,,,Option A,,Option D,Option A,Option A,Option B,"[9, 4, 15]"
07-08-2021 12:21,luke_ross1116@brety.org,135 / 140,Luke Ross,luke_ross8303@iitp.ac.in,8827159378,108.0/112.0,1401CS12,Option A,Option D,Option B,Option C,Option B,Option C,Option D,Option D,Option A,Option A,Option C,Option A,Option D,Option D,Option B,Option D,Option C,Option D,Option B,,Option A,Option A,Option A,Option D,Option D,Option A,Option C,Option D,"[27, 0, 1]"
07-08-2021 12:21,chad_olson234@dionrab.com,95 / 140,Chad Olson,chad_olson2332@iitp.ac.in,9505114459,74.0/112.0,1401CS21,Option A,Option D,Option B,Option C,Option B,Option C,Option D,Option D,,Option A,,,Option B,Option D,Option B,Option D,Option C,Option D,Option B,Option D,,,,Option D,,Option A,,Option D,"[19, 1, 8]"
07-08-2021 12:21,vera_khan7077@mafthy.com,85 / 140,Vera Khan,vera_khan996@iitp.ac.in,8010555978,66.0/112.0,1401CS33,Option A,,Option B,Option C,Option B,Option C,Option D,,,,,Option A,Option D,,Option B,Option D,Option C,Option D,Option B,,Option D,,Option A,Option D,,Option A,,Option D,"[17, 1, 10]"
07-08-2021 12:21,carrie_wood4272@bretoux.com,85 / 140,Carrie Wood,carrie_wood5045@iitp.ac.in,9656239598,58.0/112.0,1401CS06,Option A,Option A,Option B,,Option B,Option C,Option D,Option D,,Option A,Option C,Option A,Option B,Option D,Option B,,Option C,Option D,Option B,,Option D,,Option A,Option D,Option B,Option A,Option B,,"[17, 5, 6]"
07-08-2021 12:21,aileen_stone 3642@irrepsy.com,40 / 140,Aileen Stone ,aileen_stone 8888@iitp.ac.in,7783007339,30.0/112.0,1401ME53,Option A,,Option B,Option C,,,,,,,,Option A,,,,Option B,,,,,,Option A,Option A,,,Option A,,Option D,"[8, 1, 19]"
07-08-2021 12:21,daria_hunter5355@kideod.biz,90 / 140,Daria Hunter,daria_hunter5856@iitp.ac.in,7669250982,68.0/112.0,1401ME21,Option A,Option D,Option B,Option C,,Option C,Option D,,Option A,,,Option A,Option D,Option D,Option B,Option D,Option C,Option C,,Option B,,,Option A,Option D,Option D,Option A,Option C,,"[18, 2, 8]"
07-08-2021 12:21,logan_whatson2693@liret.org,125 / 140,Logan Whatson,logan_whatson869@iitp.ac.in,9896176474,100.0/112.0,1401CS38,Option A,Option D,Option B,Option C,Option B,Option C,Option D,,Option A,Option A,Option C,Option A,Option D,Option D,Option B,Option D,Option C,Option D,Option B,Option D,Option A,,Option A,Option D,Option D,,Option C,Option D,"[25, 0, 3]"
07-08-2021 12:21,paige_salt4508@elnee.tech,85 / 140,Paige Salt,paige_salt3407@iitp.ac.in,9497430241,66.0/112.0,1401ME03,Option A,,Option B,Option C,Option B,,Option D,Option D,,,Option D,,Option D,,Option B,Option D,Option C,,,Option D,,Option A,Option A,Option D,Option D,Option A,,Option D,"[17, 1, 10]"
07-08-2021 12:21,julian_stewart4213@ubusive.com,100 / 140,Julian Stewart,julian_stewart1659@iitp.ac.in,9306014524,74.0/112.0,1401ME72,Option A,,Option B,Option C,Option B,Option C,Option D,,,Option A,Option C,Option A,Option D,,Option B,Option D,Option C,Option D,Option A,,Option A,Option B,Option A,Option D,Option B,Option A,Option C,Option D,"[20, 3, 5]"
07-08-2021 12:21,alan_atkinson6067@acrit.org,70 / 140,Alan Atkinson,alan_atkinson1841@iitp.ac.in,6375120813,50.0/112.0,1401EE81,Option D,,,,Option A,,,Option D,,Option A,,Option A,Option D,Option D,Option A,Option D,Option C,,Option B,Option D,Option A,Option A,,,,Option A,Option C,Option D,"[14, 3, 11]"
07-08-2021 12:21,rosa_miller1368@cispeto.com,90 / 140,Rosa Miller,rosa_miller6507@iitp.ac.in,9554374551,58.0/112.0,1401CB49,Option A,Option D,,Option C,Option A,Option C,Option D,Option D,Option A,Option D,Option C,Option A,Option B,,Option B,Option D,Option A,Option D,Option A,Option D,Option A,,Option A,Option C,Option B,Option A,Option C,Option D,"[18, 7, 3]"
07-08-2021 12:21,carrie_lynch786@joiniaa.com,75 / 140,Carrie Lynch,carrie_lynch3154@iitp.ac.in,9521463164,34.0/112.0,1401CB36,Option A,Option C,Option C,Option C,Option C,Option C,Option D,Option C,Option A,Option C,Option C,Option A,Option C,Option C,Option B,Option C,Option C,Option D,Option B,Option C,Option C,Option C,Option A,Option C,Option D,Option A,Option C,Option C,"[15, 13, 0]"
07-08-2021 12:21,michael_tutton473@grannar.com,90 / 140,Michael Tutton,michael_tutton5611@iitp.ac.in,9350192537,68.0/112.0,1401EE13,Option A,,Option B,Option C,Option B,Option C,Option D,,Option A,Option A,,Option A,Option D,,Option B,Option D,Option C,Option D,Option B,,Option D,,Option A,Option D,,Option A,,Option B,"[18, 2, 8]"
07-08-2021 12:21,gabriel_blythe1327@joiniaa.com,90 / 140,Gabriel Blythe,gabriel_blythe6463@iitp.ac.in,7757839137,70.0/112.0,1401CS41,Option C,Option D,Option B,Option C,,Option C,Option D,Option D,,Option A,Option C,,,Option D,Option B,,,Option D,,Option D,Option A,Option A,Option A,Option D,,Option A,,Option D,"[18, 1, 9]"
07-08-2021 12:21,gwen_wilde8856@bulaffy.com,80 / 140,Gwen Wilde,gwen_wilde7457@iitp.ac.in,8897796477,56.0/112.0,1401ME18,Option A,,Option B,Option C,,,,Option D,Option A,,Option D,Option A,Option D,Option D,Option B,Option D,Option C,Option A,Option C,,,Option A,Option A,Option D,,Option A,Option C,Option B,"[16, 4, 8]"
07-08-2021 12:21,goldie_hunt9062@nimogy.biz,110 / 140,Goldie Hunt,goldie_hunt993@iitp.ac.in,6204898501,78.0/112.0,1401ME23,Option A,Option D,Option B,Option C,Option B,Option C,Option D,Option D,Option A,Option A,Option C,Option A,Option B,Option D,Option B,,Option D,Option D,Option B,Option D,Option D,Option B,Option D,Option D,Option D,Option A,Option C,Option D,"[22, 5, 1]"
07-08-2021 12:21,caleb_vince9080@qater.org,50 / 140,Caleb Vince,caleb_vince6733@iitp.ac.in,9014652408,38.0/112.0,1401MM11,Option A,,Option B,Option C,Option B,Option C,Option D,,,,Option C,,,Option D,,,Option C,Option D,,,,,,,,,,Option B,"[10, 1, 17]"
07-08-2021 12:21,madison_pearson7959@iatim.tech,90 / 140,Madison Pearson,madison_pearson77@iitp.ac.in,9133623262,72.0/112.0,1401ME79,Option A,Option D,Option B,Option C,,,Option D,Option D,,Option A,,Option A,Option D,Option D,Option B,,Option C,Option D,,Option D,,,Option A,Option D,,,Option C,Option D,"[18, 0, 10]"
07-08-2021 12:21,tyler_dann940@fuliss.net,115 / 140,Tyler Dann,tyler_dann7454@iitp.ac.in,8839861142,84.0/112.0,1401CE56,Option A,Option B,Option B,Option C,Option B,Option C,Option D,Option D,Option A,,Option C,Option A,Option D,Option D,Option B,Option B,Option C,Option D,Option B,Option D,Option D,Option A,Option A,Option D,Option B,Option A,Option C,Option D,"[23, 4, 1]"
07-08-2021 12:21,shannon_harrison5149@gompie.com,110 / 140,Shannon Harrison,shannon_harrison8015@iitp.ac.in,8401148173,84.0/112.0,1401ME30,Option A,Option D,Option B,Option C,,Option C,Option D,Option D,,Option A,Option C,Option A,Option D,Option D,Option B,Option D,Option C,Option D,Option A,Option D,Option D,,Option A,Option D,,Option A,Option C,Option D,"[22, 2, 4]"
07-08-2021 12:21,harry_fall8582@irrepsy.com,70 / 140,Harry Fall,harry_fall8730@iitp.ac.in,7320822363,54.0/112.0,1401EE14,Option D,,,,Option B,,Option D,Option D,,Option A,,Option A,Option D,,Option B,,Option C,Option D,Option B,Option D,Option A,,,Option D,,Option A,,,"[14, 1, 13]"
07-08-2021 12:21,mavis_ventura5693@infotech44.tech,110 / 140,Mavis Ventura,mavis_ventura7525@iitp.ac.in,7340368668,82.0/112.0,1401CE63,Option A,,Option B,Option C,Option B,Option C,Option D,Option D,Option D,Option A,Option D,Option A,Option D,,Option B,Option B,Option C,Option D,,Option D,Option A,Option A,Option A,Option D,Option D,Option A,Option C,Option D,"[22, 3, 3]"
07-08-2021 12:21,david_bloom2798@brety.org,45 / 140,David Bloom,david_bloom8473@iitp.ac.in,9667887147,30.0/112.0,1401CB34,Option A,,,Option C,,,Option D,Option A,,,Option D,,,Option D,Option B,Option D,,,,,,Option A,Option A,,,Option A,,Option B,"[9, 3, 16]"
07-08-2021 12:21,janice_shaw6854@acrit.org,100 / 140,Janice Shaw,janice_shaw9200@iitp.ac.in,9479562377,66.0/112.0,1401CB38,Option A,Option B,Option B,Option C,Option C,Option C,Option D,Option D,Option A,Option C,Option C,Option A,Option D,Option D,Option D,Option D,Option D,Option A,Option B,Option D,Option A,,Option A,Option D,Option C,Option A,Option C,Option D,"[20, 7, 1]"
07-08-2021 12:21,cherish_james2809@zorer.org,85 / 140,Cherish James,cherish_james7483@iitp.ac.in,8756905567,64.0/112.0,1401ME04,Option D,,Option B,Option C,,Option C,Option D,,,Option A,,Option A,,,Option B,Option D,Option C,Option D,Option A,Option D,Option A,,Option A,Option D,,Option A,Option C,Option D,"[17, 2, 9]"
07-08-2021 12:21,luke_strong1611@twace.org,75 / 140,Luke Strong,luke_strong3674@iitp.ac.in,7799328320,58.0/112.0,1401CB46,Option A,Option D,Option B,Option C,,Option C,,,Option A,,,Option A,,Option D,Option A,Option D,Option C,Option D,,,Option A,,,Option D,,Option A,,Option D,"[15, 1, 12]"
07-08-2021 12:21,enoch_thomson315@extex.org,85 / 140,Enoch Thomson,enoch_thomson2896@iitp.ac.in,9390666748,64.0/112.0,1401EE65,,,,Option C,,Option C,Option D,Option D,Option A,,Option C,Option A,Option D,Option D,Option A,Option D,Option C,,,,,Option A,Option A,Option C,Option D,Option A,Option C,Option D,"[17, 2, 9]"
07-08-2021 12:21,penelope_willson8313@ovock.tech,95 / 140,Penelope Willson,penelope_willson3475@iitp.ac.in,8860014931,72.0/112.0,1401CS70,Option A,Option D,Option B,Option D,,,Option D,Option D,,Option A,Option B,,,Option D,Option B,Option D,Option C,Option D,,,Option A,Option A,Option A,Option D,Option D,Option A,Option C,Option D,"[19, 2, 7]"
07-08-2021 12:21,johnny_miller1081@ovock.tech,110 / 140,Johnny Miller,johnny_miller5948@iitp.ac.in,8949403893,88.0/112.0,1401ME57,Option A,Option D,Option B,Option C,Option B,Option C,Option D,,,,,,Option D,Option D,Option B,Option D,,Option D,Option B,Option D,Option A,Option A,Option A,Option D,Option D,Option A,Option C,Option D,"[22, 0, 6]"
07-08-2021 12:21,alexander_stevenson1011@fuliss.net,45 / 140,Alexander Stevenson,alexander_stevenson1018@iitp.ac.in,8317032293,34.0/112.0,1401CB29,,,,,,,Option D,,Option D,,,Option A,,Option D,Option B,,Option C,,,Option D,,,Option A,,Option D,,Option C,,"[9, 1, 18]"
07-08-2021 12:21,chester_carter6036@irrepsy.com,110 / 140,Chester Carter,chester_carter4259@iitp.ac.in,9649527651,88.0/112.0,1401CE51,Option A,,Option B,Option C,,Option C,Option D,Option D,,Option A,Option C,Option A,Option D,,Option B,Option D,Option C,Option D,Option B,,Option A,,Option A,Option D,Option D,Option A,Option C,Option D,"[22, 0, 6]"
07-08-2021 12:21,adela_funnell3608@iatim.tech,130 / 140,Adela Funnell,adela_funnell8049@iitp.ac.in,9874468605,102.0/112.0,1401ME60,Option B,Option D,Option B,Option C,Option B,,Option D,Option D,Option A,Option A,Option C,Option A,Option D,Option D,Option B,Option D,Option C,Option D,Option B,Option D,Option A,Option A,Option A,Option D,Option D,Option A,Option C,Option D,"[26, 1, 1]"
07-08-2021 12:21,chester_bradshaw9175@joiniaa.com,70 / 140,Chester Bradshaw,chester_bradshaw4494@iitp.ac.in,8002302722,44.0/112.0,1401ME13,Option A,Option D,Option B,Option C,,Option D,,Option C,,,Option C,Option A,Option D,Option D,,Option D,,Option D,,Option D,,Option B,Option B,Option D,Option C,Option A,Option C,Option B,"[14, 6, 8]"
07-08-2021 12:21,emerald_richardson1816@sheye.org,80 / 140,Emerald Richardson,emerald_richardson8390@iitp.ac.in,9322344487,50.0/112.0,1401EE43,,Option D,Option B,Option C,Option B,Option D,,Option D,,Option A,Option C,Option A,Option B,,,Option B,Option C,Option D,Option B,Option B,Option B,Option B,Option A,Option D,Option D,Option A,Option B,Option D,"[16, 7, 5]"
07-08-2021 12:21,alan_kelly9886@tonsy.org,65 / 140,Alan Kelly,alan_kelly6799@iitp.ac.in,9599075849,52.0/112.0,1401ME51,,Option D,,Option C,Option B,,Option D,,,Option A,,Option A,,,,Option D,Option C,,,,,,,Option D,Option D,Option A,Option C,Option D,"[13, 0, 15]"
07-08-2021 12:21,livia_plant4742@bungar.biz,110 / 140,Livia Plant,livia_plant450@iitp.ac.in,8886202442,82.0/112.0,1401EE26,Option A,Option D,Option B,Option C,,Option C,Option D,Option A,,Option A,Option C,Option A,Option D,Option D,Option B,Option A,Option C,Option D,Option B,Option D,Option A,Option A,Option A,Option D,Option D,Option B,,Option D,"[22, 3, 3]"
07-08-2021 12:21,clint_davies3224@naiker.biz,90 / 140,Clint Davies,clint_davies8299@iitp.ac.in,8278661215,58.0/112.0,1401ME56,Option A,Option D,Option B,Option C,Option A,Option C,Option D,Option A,,Option A,,Option A,Option D,Option A,Option B,Option C,Option C,Option D,Option A,Option D,Option D,Option A,Option A,Option D,,Option A,Option C,Option B,"[18, 7, 3]"
07-08-2021 12:21,judith_butler6033@muall.tech,100 / 140,Judith Butler,judith_butler4265@iitp.ac.in,6382120541,80.0/112.0,1401ME62,Option A,,Option B,Option C,Option B,Option C,Option D,,,,Option C,,Option D,,Option B,Option D,,Option D,Option B,Option D,Option A,Option A,Option A,Option D,,Option A,Option C,Option D,"[20, 0, 8]"
07-08-2021 12:21,gil_woods7073@mafthy.com,130 / 140,Gil Woods,gil_woods6242@iitp.ac.in,9560382655,100.0/112.0,1401CB14,Option A,Option D,Option B,Option C,Option B,Option C,Option D,Option D,Option A,Option A,Option C,Option A,Option D,Option D,Option B,Option D,Option C,Option D,Option B,Option D,Option D,Option A,Option A,Option D,Option D,Option A,Option C,Option B,"[26, 2, 0]"
07-08-2021 12:21,sara_gray4427@twace.org,95 / 140,Sara Gray,sara_gray9296@iitp.ac.in,8168924991,68.0/112.0,1401ME65,Option A,Option D,Option B,Option B,Option B,Option C,Option D,Option D,,,Option C,Option A,Option D,Option D,Option B,Option D,Option C,Option B,,Option D,Option D,,Option A,Option D,,Option A,Option C,Option B,"[19, 4, 5]"
07-08-2021 12:21,wade_clarkson4791@joiniaa.com,90 / 140,Wade Clarkson,wade_clarkson977@iitp.ac.in,8018837448,68.0/112.0,1401CE42,Option A,Option D,Option B,Option C,Option D,Option C,Option D,,,Option A,Option D,,,Option D,Option B,Option D,Option C,Option D,,,Option A,,Option A,Option D,,Option A,Option C,Option D,"[18, 2, 8]"
07-08-2021 12:21,daron_norris9826@fuliss.net,75 / 140,Daron Norris,daron_norris897@iitp.ac.in,9471152588,50.0/112.0,1401EE73,Option A,Option D,Option B,Option D,,Option C,,,,Option B,,Option D,,Option D,Option B,,Option C,Option D,Option B,Option D,Option D,Option A,Option A,Option D,,Option A,Option B,Option D,"[15, 5, 8]"
07-08-2021 12:21,angelina_martin5353@eirey.tech,105 / 140,Angelina Martin,angelina_martin1144@iitp.ac.in,7903618668,80.0/112.0,1401CB22,Option D,Option D,Option B,Option C,Option B,Option A,Option D,,,Option A,Option C,Option A,Option D,,Option B,,Option C,Option D,Option B,Option D,Option A,Option A,Option A,Option D,Option D,Option A,,Option D,"[21, 2, 5]"
07-08-2021 12:21,harriet_bell3349@elnee.tech,75 / 140,Harriet Bell,harriet_bell1767@iitp.ac.in,9065656812,36.0/112.0,1401ME50,Option B,Option B,Option B,Option C,Option B,Option C,Option D,Option B,Option C,Option A,Option B,Option A,Option D,Option B,,Option B,Option C,Option D,Option B,Option B,Option A,Option B,Option B,Option D,Option D,Option A,Option B,Option B,"[15, 12, 1]"
07-08-2021 12:21,sylvia_lane6648@bulaffy.com,110 / 140,Sylvia Lane,sylvia_lane4796@iitp.ac.in,9926031256,82.0/112.0,1401CE55,Option A,,Option B,Option C,Option C,Option C,Option D,Option D,Option B,Option A,Option C,Option A,Option D,,Option B,Option D,Option C,Option D,Option B,Option C,Option A,,Option A,Option D,Option D,Option A,Option C,Option D,"[22, 3, 3]"
07-08-2021 12:21,mandy_king2479@ubusive.com,100 / 140,Mandy King,mandy_king5447@iitp.ac.in,8928615380,64.0/112.0,1401CB61,Option A,Option D,Option B,Option C,Option B,Option C,Option D,Option C,Option C,Option A,Option A,Option A,Option D,Option C,Option B,Option D,Option C,Option D,Option B,Option C,Option D,Option C,Option A,Option D,Option C,Option A,Option C,Option D,"[20, 8, 0]"
07-08-2021 12:21,benny_eddison5776@womeona.net,100 / 140,Benny Eddison,benny_eddison3079@iitp.ac.in,7903510948,78.0/112.0,1401EE83,Option A,Option D,Option B,Option B,Option B,Option C,Option D,Option D,Option A,,,Option A,Option D,,Option B,Option D,Option C,Option D,,Option D,,Option A,Option A,Option D,,Option A,,Option D,"[20, 1, 7]"
07-08-2021 12:21,thea_holmes8714@typill.biz,130 / 140,Thea Holmes,thea_holmes5312@iitp.ac.in,9324964212,104.0/112.0,1401MM01,Option A,,Option B,Option C,Option B,Option C,Option D,Option D,Option A,Option A,,Option A,Option D,Option D,Option B,Option D,Option C,Option D,Option B,Option D,Option A,Option A,Option A,Option D,Option D,Option A,Option C,Option D,"[26, 0, 2]"
07-08-2021 12:21,carol_rainford9836@bungar.biz,85 / 140,Carol Rainford,carol_rainford602@iitp.ac.in,9694081257,60.0/112.0,1401MM27,Option A,,Option B,Option C,Option A,Option D,Option D,Option D,,Option A,Option D,Option A,Option D,,Option B,,Option C,Option D,Option A,Option D,Option A,,,Option D,,Option A,Option C,Option D,"[17, 4, 7]"
07-08-2021 12:21,elle_quinn1088@vetan.org,75 / 140,Elle Quinn,elle_quinn6428@iitp.ac.in,9358171664,52.0/112.0,1401CB55,Option A,,Option B,Option C,Option A,,Option D,,,,Option D,Option A,Option D,Option D,Option B,Option B,Option C,Option D,Option A,Option D,Option A,,,,,Option A,Option C,Option D,"[15, 4, 9]"
07-08-2021 12:21,brad_cann9245@gompie.com,70 / 140,Brad Cann,brad_cann4231@iitp.ac.in,7542060940,50.0/112.0,1401CB33,,,Option B,Option C,Option B,Option C,Option D,,,Option B,,,,,Option B,,Option C,Option D,Option A,Option D,Option A,Option A,,Option D,,Option A,Option C,Option B,"[14, 3, 11]"
07-08-2021 12:21,bart_oakley8859@zorer.org,75 / 140,Bart Oakley,bart_oakley3345@iitp.ac.in,8109165155,60.0/112.0,1401CB50,,,Option B,Option C,,,Option D,,,,,Option A,Option D,,Option B,,Option C,Option D,,,Option A,,Option A,Option D,Option D,Option A,Option C,Option D,"[15, 0, 13]"
07-08-2021 12:21,chuck_baxter850@ovock.tech,110 / 140,Chuck Baxter,chuck_baxter6404@iitp.ac.in,8839473018,84.0/112.0,1401ME66,Option A,Option D,Option B,Option C,Option B,Option C,Option D,,,Option A,,,Option B,Option D,Option B,Option D,Option C,Option D,Option B,Option D,Option A,Option A,Option A,Option D,Option B,Option A,Option C,Option D,"[22, 2, 4]"
07-08-2021 12:21,ramon_wilson4079@corti.com,25 / 140,Ramon Wilson,ramon_wilson6899@iitp.ac.in,9572370676,18.0/112.0,1401CE36,,,,,,Option C,,Option D,,,,,Option D,,,,Option C,,,,Option B,,,,,Option A,,,"[5, 1, 22]"
07-08-2021 12:21,lucas_ebbs9245@nickia.com,115 / 140,Lucas Ebbs,lucas_ebbs8748@iitp.ac.in,9515653903,92.0/112.0,1401CS26,Option A,,Option B,Option C,,Option C,Option D,Option D,,Option A,Option C,Option A,Option D,Option D,Option B,Option D,Option C,Option D,,Option D,Option A,Option A,Option A,Option D,,Option A,Option C,Option D,"[23, 0, 5]"
07-08-2021 12:21,rick_morgan2458@sveldo.biz,85 / 140,Rick Morgan,rick_morgan7007@iitp.ac.in,6289458617,66.0/112.0,1401CS61,Option A,,Option B,Option C,,,Option D,,Option A,Option A,,,,Option D,Option B,Option D,Option C,Option A,Option B,Option D,Option A,,,Option D,,Option A,Option C,Option D,"[17, 1, 10]"
07-08-2021 12:21,lara_lewis522@brety.org,90 / 140,Lara Lewis,lara_lewis6326@iitp.ac.in,9602708474,60.0/112.0,1401CE03,Option A,Option A,,Option C,Option B,Option C,Option D,Option D,Option A,Option B,,Option A,Option D,,Option B,Option C,Option C,Option D,Option B,Option D,Option C,Option B,Option A,Option D,,Option A,Option C,Option B,"[18, 6, 4]"
07-08-2021 12:21,caleb_stevens6616@fuliss.net,95 / 140,Caleb Stevens,caleb_stevens5783@iitp.ac.in,7355108321,72.0/112.0,1401ME54,Option A,,Option B,Option C,Option B,Option C,Option D,Option D,,Option A,Option D,Option A,Option D,,Option B,,Option C,Option D,Option B,,Option D,,Option A,Option D,,Option A,Option C,Option D,"[19, 2, 7]"
07-08-2021 12:21,gabriel_addison850@brety.org,60 / 140,Gabriel Addison,gabriel_addison4611@iitp.ac.in,9022741641,46.0/112.0,1401EE69,,,,,Option B,,,Option D,,Option B,,Option A,Option D,Option D,Option B,Option D,Option C,,,Option D,,,Option A,Option D,,Option A,,,"[12, 1, 15]"
07-08-2021 12:21,adela_adams2038@kideod.biz,125 / 140,Adela Adams,adela_adams8483@iitp.ac.in,9078973399,98.0/112.0,1401MM34,Option A,Option D,,Option C,Option B,Option C,Option D,Option D,,Option A,Option C,Option A,Option D,Option D,Option B,Option C,Option C,Option D,Option B,Option D,Option A,Option A,Option A,Option D,Option D,Option A,Option C,Option D,"[25, 1, 2]"
07-08-2021 12:21,paula_walton8401@bungar.biz,45 / 140,Paula Walton,paula_walton280@iitp.ac.in,8278783859,20.0/112.0,1401EE39,Option A,Option D,Option B,Option C,,Option C,Option B,,,Option A,,,Option C,,Option D,,Option D,Option D,Option A,Option C,Option B,Option B,,,Option D,,,Option D,"[9, 8, 11]"
07-08-2021 12:21,gwenyth_murray7588@famism.biz,95 / 140,Gwenyth Murray,gwenyth_murray2869@iitp.ac.in,9390076368,72.0/112.0,1401CB18,Option A,Option D,,,,Option C,Option D,Option D,Option A,Option A,Option C,Option A,,Option D,Option B,Option D,Option C,Option B,,Option D,,,Option A,Option D,Option B,Option A,Option C,Option D,"[19, 2, 7]"
07-08-2021 12:21,chad_dunbar6626@twipet.com,40 / 140,Chad Dunbar,chad_dunbar264@iitp.ac.in,9959059717,22.0/112.0,1401ME74,Option A,,Option B,Option C,,,Option A,,,Option A,Option C,Option A,Option B,Option D,,,,Option D,,Option C,,,,,,,Option B,Option B,"[8, 5, 15]"
07-08-2021 12:21,mona_morris3750@liret.org,120 / 140,Mona Morris,mona_morris5140@iitp.ac.in,9904957122,94.0/112.0,1401CB09,Option A,Option D,Option B,Option C,,Option C,Option D,,Option A,Option A,Option C,Option A,Option D,Option D,Option B,Option D,Option C,Option D,,Option D,Option A,Option A,Option A,Option D,Option B,Option A,Option C,Option D,"[24, 1, 3]"
07-08-2021 12:21,charlize_harvey2662@naiker.biz,110 / 140,Charlize Harvey,charlize_harvey8800@iitp.ac.in,9523893435,82.0/112.0,1401EE46,Option A,Option D,Option B,Option C,,Option C,Option D,Option D,,Option A,Option C,Option A,Option D,Option D,Option B,Option D,Option C,Option D,Option A,Option D,Option D,Option D,Option A,Option D,,Option A,Option C,Option D,"[22, 3, 3]"
07-08-2021 12:21,alexia_calderwood626@grannar.com,105 / 140,Alexia Calderwood,alexia_calderwood5145@iitp.ac.in,7209771799,82.0/112.0,1401CS55,Option A,Option D,Option B,Option C,Option B,Option C,Option D,Option D,,Option A,Option C,,,Option D,Option B,Option C,Option C,Option D,,Option D,Option A,Option A,Option A,Option D,,Option A,,Option D,"[21, 1, 6]"
07-08-2021 12:21,marilyn_edwards6758@nanoff.biz,120 / 140,Marilyn Edwards,marilyn_edwards831@iitp.ac.in,7506198872,90.0/112.0,1401EE35,Option C,Option D,Option B,Option C,Option B,Option C,Option D,Option D,,Option A,Option B,Option A,Option D,Option D,Option B,Option D,Option C,Option D,Option D,Option D,Option A,Option A,Option A,Option D,Option D,Option A,Option C,Option D,"[24, 3, 1]"
07-08-2021 12:21,johnathan_marshall1629@hourpy.biz,120 / 140,Johnathan Marshall,johnathan_marshall2175@iitp.ac.in,7048490856,94.0/112.0,1401ME75,Option B,Option D,Option B,Option C,Option B,,Option D,Option D,Option A,,Option C,Option A,Option D,Option D,Option B,Option D,Option C,Option D,,Option D,Option A,Option A,Option A,Option D,Option D,Option A,Option C,Option D,"[24, 1, 3]"
07-08-2021 12:21,angel_edmonds7000@cispeto.com,80 / 140,Angel Edmonds,angel_edmonds4298@iitp.ac.in,9963834492,58.0/112.0,1401EE11,Option A,Option D,Option D,Option C,Option A,,Option D,,,Option A,Option C,Option A,,Option D,Option B,,Option C,Option D,,Option D,,Option A,Option A,Option D,,Option A,,Option B,"[16, 3, 9]"
07-08-2021 12:21,vera_knight2731@joiniaa.com,100 / 140,Vera Knight,vera_knight9213@iitp.ac.in,8875228263,76.0/112.0,1401EE51,Option A,Option D,,Option C,,,Option D,Option D,,,Option A,Option A,Option D,Option D,Option B,Option D,Option C,Option D,Option B,,Option D,Option A,Option A,Option D,Option D,Option A,Option C,Option D,"[20, 2, 6]"
07-08-2021 12:21,chad_fenton7461@cispeto.com,50 / 140,Chad Fenton,chad_fenton7570@iitp.ac.in,8910853408,32.0/112.0,1401ME55,Option A,Option D,Option B,,,,Option D,,,Option D,,,Option B,Option D,,Option C,Option C,,,,,Option B,Option A,,,Option A,Option C,Option D,"[10, 4, 14]"
07-08-2021 12:21,alexander_mooney655@elnee.tech,85 / 140,Alexander Mooney,alexander_mooney2461@iitp.ac.in,9109048767,64.0/112.0,1401CE33,Option A,,Option B,Option C,,Option C,Option D,,,Option A,,Option A,Option D,,Option B,Option D,Option C,Option D,,,Option C,,Option A,Option D,Option D,Option A,Option C,Option B,"[17, 2, 9]"
07-08-2021 12:21,dani_corbett9620@nickia.com,110 / 140,Dani Corbett,dani_corbett8987@iitp.ac.in,9868300785,82.0/112.0,1401CS22,Option A,Option D,Option B,Option D,Option B,Option C,Option B,Option D,Option A,Option A,Option C,,,,Option B,Option D,Option C,Option D,Option B,Option D,Option A,Option B,Option A,Option D,Option D,Option A,Option C,Option D,"[22, 3, 3]"
07-08-2021 12:21,denny_wheeler366@deons.tech,80 / 140,Denny Wheeler,denny_wheeler1932@iitp.ac.in,7702980023,56.0/112.0,1401CE23,Option A,,Option B,Option B,,,Option D,,Option A,Option A,Option D,Option A,Option D,,Option B,Option D,Option C,Option A,Option C,Option D,,Option A,Option A,Option D,,Option A,Option C,,"[16, 4, 8]"
07-08-2021 12:21,susan_wood7673@nanoff.biz,120 / 140,Susan Wood,susan_wood5486@iitp.ac.in,9890465102,88.0/112.0,1401CS23,Option A,Option D,Option C,Option C,Option B,Option C,Option D,Option D,Option A,Option A,Option B,Option A,Option D,Option D,Option B,Option D,Option C,Option D,Option C,Option C,Option A,Option A,Option A,Option D,Option D,Option A,Option C,Option D,"[24, 4, 0]"
07-08-2021 12:21,nicole_simmons3103@irrepsy.com,110 / 140,Nicole Simmons,nicole_simmons164@iitp.ac.in,7424809613,82.0/112.0,1401ME38,Option A,Option D,Option B,Option C,,Option C,Option D,Option C,Option A,Option A,Option B,Option A,Option D,Option D,Option B,Option D,Option C,Option D,,Option D,Option B,,Option A,Option D,Option D,Option A,Option C,Option D,"[22, 3, 3]"
07-08-2021 12:21,abdul_noon829@tonsy.org,115 / 140,Abdul Noon,abdul_noon2396@iitp.ac.in,9905163752,90.0/112.0,1401CS11,Option A,,Option B,Option C,Option B,Option C,Option D,,,Option A,Option B,Option A,Option D,Option D,Option B,Option D,Option C,Option D,Option B,Option D,Option A,Option A,Option A,Option D,,Option A,Option C,Option D,"[23, 1, 4]"
07-08-2021 12:21,nathan_plumb7441@yahoo.com,85 / 140,Nathan Plumb,nathan_plumb9423@iitp.ac.in,7398823882,50.0/112.0,1401CE41,Option A,Option B,Option B,Option C,Option B,Option C,Option D,Option A,,Option A,Option B,Option A,Option B,Option B,Option B,Option B,Option C,Option D,,Option B,Option A,Option B,Option B,Option D,Option D,Option A,Option C,Option D,"[17, 9, 2]"
07-08-2021 12:21,alan_hunter4270@gompie.com,70 / 140,Alan Hunter,alan_hunter9127@iitp.ac.in,9740527879,54.0/112.0,1401EE44,Option A,,,Option C,,Option C,Option D,Option D,,,,Option A,Option D,Option D,,Option D,Option C,Option D,,,Option D,,,Option D,,,Option C,Option D,"[14, 1, 13]"
07-08-2021 12:21,mark_redfern2694@nimogy.biz,30 / 140,Mark Redfern,mark_redfern6716@iitp.ac.in,9005524878,-8.0/112.0,1401CS65,Option A,,Option B,Option C,Option A,Option B,Option A,Option C,Option C,,Option B,Option A,Option C,Option C,Option A,Option C,Option B,Option D,,,Option A,,Option B,Option A,,Option C,Option B,Option B,"[6, 16, 6]"
07-08-2021 12:21,julius_davies2022@guentu.biz,105 / 140,Julius Davies,julius_davies1151@iitp.ac.in,7631496928,84.0/112.0,1401CE45,Option A,,Option B,Option C,,Option C,Option D,Option D,,Option A,Option C,Option A,Option D,,Option B,Option D,Option C,Option D,,,Option A,,Option A,Option D,Option D,Option A,Option C,Option D,"[21, 0, 7]"
07-08-2021 12:21,jenna_brock9008@ovock.tech,95 / 140,Jenna Brock,jenna_brock2346@iitp.ac.in,8409531980,72.0/112.0,1401EE01,Option A,,Option B,Option C,Option B,Option C,Option D,Option D,,Option A,Option D,Option A,Option D,Option D,Option B,Option A,Option C,Option D,,,Option A,,Option A,Option D,,Option A,,Option D,"[19, 2, 7]"
07-08-2021 12:21,barney_wade1391@vetan.org,120 / 140,Barney Wade,barney_wade8295@iitp.ac.in,9592548833,90.0/112.0,1401EE16,Option A,Option D,Option B,Option C,,Option C,Option D,Option D,Option A,Option A,Option D,Option A,Option D,Option D,Option B,Option D,Option C,Option D,Option B,Option D,Option D,Option A,Option A,Option D,Option D,Option A,Option A,Option D,"[24, 3, 1]"
07-08-2021 12:21,danny_doherty8965@sveldo.biz,90 / 140,Danny Doherty,danny_doherty5308@iitp.ac.in,9743162121,66.0/112.0,1401CB45,Option A,Option D,Option B,Option C,Option B,Option C,Option D,Option D,,Option A,,,Option D,,Option B,Option D,Option C,Option A,Option A,Option D,Option A,,,Option A,,Option A,Option C,Option D,"[18, 3, 7]"
07-08-2021 12:21,bryon_tyler4863@gompie.com,140 / 140,Bryon Tyler,bryon_tyler4111@iitp.ac.in,9771425672,112.0/112.0,1401EE64,Option A,Option D,Option B,Option C,Option B,Option C,Option D,Option D,Option A,Option A,Option C,Option A,Option D,Option D,Option B,Option D,Option C,Option D,Option B,Option D,Option A,Option A,Option A,Option D,Option D,Option A,Option C,Option D,"[28, 0, 0]"
07-08-2021 12:21,phillip_khan1400@hourpy.biz,105 / 140,Phillip Khan,phillip_khan907@iitp.ac.in,9905392639,84.0/112.0,1401ME58,Option A,,Option B,Option C,Option B,Option C,Option D,,,,,Option A,Option D,Option D,Option B,Option D,Option C,Option D,,Option D,Option A,Option A,Option A,Option D,,Option A,Option C,Option D,"[21, 0, 7]"
07-08-2021 12:21,joseph_walsh6101@nickia.com,40 / 140,Joseph Walsh,joseph_walsh1627@iitp.ac.in,7463014745,22.0/112.0,1401EE76,,,,Option C,Option A,Option C,,,Option A,,Option C,,,Option C,Option C,,,,,,,Option B,Option A,Option C,,Option A,Option C,Option D,"[8, 5, 15]"
07-08-2021 12:21,john_lyon912@qater.org,80 / 140,John Lyon,john_lyon97@iitp.ac.in,9660605572,54.0/112.0,1401EE06,Option A,Option D,Option B,Option C,,Option C,Option D,,,,Option C,Option D,Option B,,Option B,Option C,Option C,Option D,,Option B,Option A,,Option A,Option D,Option B,Option A,Option C,Option D,"[16, 5, 7]"
07-08-2021 12:21,shelby_mills7789@mafthy.com,85 / 140,Shelby Mills,shelby_mills8208@iitp.ac.in,9729867447,64.0/112.0,1401ME44,Option A,,Option A,Option C,,Option C,Option D,,,Option A,,Option A,Option D,,Option B,Option D,Option C,Option D,Option B,,Option A,,Option A,Option D,Option A,Option A,Option C,,"[17, 2, 9]"
07-08-2021 12:21,elena_redden3857@hourpy.biz,120 / 140,Elena Redden,elena_redden6194@iitp.ac.in,8918963682,94.0/112.0,1401EE33,,Option D,Option B,Option C,Option B,Option C,Option D,Option B,Option A,Option A,,Option A,Option D,Option D,Option B,Option D,Option C,Option D,Option B,Option D,Option A,Option A,Option A,,Option D,Option A,Option C,Option D,"[24, 1, 3]"
07-08-2021 12:21,ruby_robe7788@brety.org,95 / 140,Ruby Robe,ruby_robe6762@iitp.ac.in,6281984933,72.0/112.0,1401CB30,Option A,Option D,Option B,,,Option C,Option D,Option D,Option A,,Option C,Option A,,Option D,Option B,Option D,Option C,Option D,,Option D,,,Option A,Option D,Option B,Option A,Option C,Option B,"[19, 2, 7]"
07-08-2021 12:21,freya_whittle4253@gmail.com,65 / 140,Freya Whittle,freya_whittle2848@iitp.ac.in,8052902317,52.0/112.0,1401CB17,Option A,,,,Option B,Option C,Option D,Option D,,Option A,,Option A,,,,,,,,,Option A,,Option A,Option D,Option D,Option A,,Option D,"[13, 0, 15]"
07-08-2021 12:21,julius_ashwell7258@joiniaa.com,95 / 140,Julius Ashwell,julius_ashwell1708@iitp.ac.in,6307509850,72.0/112.0,1401ME17,Option C,,Option B,Option C,Option B,Option C,Option D,Option D,Option A,Option A,Option C,,,,Option B,,Option C,Option D,Option B,,Option A,,Option A,Option D,Option D,Option A,Option C,Option B,"[19, 2, 7]"
07-08-2021 12:21,fiona_jones2431@jiman.org,85 / 140,Fiona Jones,fiona_jones3747@iitp.ac.in,8271805307,50.0/112.0,1401CS71,Option A,,Option B,Option C,Option A,Option B,,Option B,Option C,Option A,Option A,Option C,Option D,Option A,Option B,Option C,Option C,Option D,Option A,Option D,Option A,Option A,Option A,Option D,Option D,Option A,Option C,Option D,"[17, 9, 2]"
07-08-2021 12:21,cecilia_ventura8546@grannar.com,85 / 140,Cecilia Ventura,cecilia_ventura8162@iitp.ac.in,7979907264,66.0/112.0,1401CB06,Option A,,Option B,Option C,,Option C,Option D,,,Option A,,Option A,,Option D,Option B,Option D,,Option D,Option B,Option C,,Option A,,Option D,Option D,Option A,,Option D,"[17, 1, 10]"
07-08-2021 12:21,rachael_richardson1030@ubusive.com,120 / 140,Rachael Richardson,rachael_richardson4693@iitp.ac.in,7674898469,92.0/112.0,1401CE60,Option A,Option D,Option B,Option C,,Option C,Option D,Option D,Option A,Option A,Option C,Option A,Option D,Option D,Option B,Option D,Option C,Option D,Option A,Option D,Option D,,Option A,Option D,Option D,Option A,Option C,Option D,"[24, 2, 2]"
07-08-2021 12:21,payton_gilmore2160@womeona.net,75 / 140,Payton Gilmore,payton_gilmore8550@iitp.ac.in,9602092821,58.0/112.0,1401CE20,Option A,,Option B,Option C,,Option C,Option D,,,Option A,,,Option D,,Option B,,Option C,Option D,,,Option A,,Option A,Option D,,Option A,Option C,Option B,"[15, 1, 12]"
07-08-2021 12:21,payton_adler4220@kideod.biz,65 / 140,Payton Adler,payton_adler177@iitp.ac.in,9294807677,44.0/112.0,1401CS73,Option A,Option D,Option B,Option C,,Option B,,,,Option A,Option C,Option C,Option B,Option D,Option B,,,Option D,,Option D,,,,Option D,Option B,,Option C,Option D,"[13, 4, 11]"
07-08-2021 12:21,martin_butler4692@bretoux.com,105 / 140,Martin Butler,martin_butler752@iitp.ac.in,8510015776,74.0/112.0,1401EE80,Option A,Option D,Option B,Option C,,Option C,Option D,Option D,,Option A,Option C,Option A,Option B,Option D,Option B,Option D,Option C,Option D,Option C,Option D,Option D,Option A,Option A,Option D,Option B,Option A,Option A,Option D,"[21, 5, 2]"
07-08-2021 12:21,gil_stark8248@irrepsy.com,105 / 140,Gil Stark,gil_stark4937@iitp.ac.in,8178538456,80.0/112.0,1401EE61,Option A,,Option B,Option C,,Option C,Option D,Option D,Option A,,Option C,Option C,,Option D,Option B,Option D,Option C,Option D,Option B,,Option C,Option A,Option A,Option D,Option D,Option A,Option C,Option D,"[21, 2, 5]"
07-08-2021 12:21,aurelia_parker681@deavo.com,75 / 140,Aurelia Parker,aurelia_parker6952@iitp.ac.in,8668373407,56.0/112.0,1401EE21,Option A,Option D,Option B,,Option B,Option C,Option D,,,Option A,,,Option B,,Option B,Option D,,Option D,Option B,Option D,,,,Option D,,Option A,Option B,Option D,"[15, 2, 11]"
07-08-2021 12:21,marie_hastings7335@cispeto.com,105 / 140,Marie Hastings,marie_hastings7889@iitp.ac.in,6305673511,78.0/112.0,1401EE38,Option A,Option D,Option B,Option C,Option B,Option C,Option D,,,Option A,Option C,Option A,Option D,,Option B,Option A,Option C,Option D,Option C,,Option A,Option A,Option A,Option D,Option D,Option A,Option C,Option B,"[21, 3, 4]"
07-08-2021 12:21,eden_hobbs946@naiker.biz,95 / 140,Eden Hobbs,eden_hobbs2291@iitp.ac.in,9812314570,70.0/112.0,1401CE35,Option A,,Option B,Option C,Option B,Option C,Option D,Option D,,Option A,,Option A,Option D,,Option B,,Option C,Option D,Option B,,Option C,Option C,Option A,Option D,Option D,Option A,Option C,Option B,"[19, 3, 6]"
07-08-2021 12:21,stephanie_noon318@supunk.biz,70 / 140,Stephanie Noon,stephanie_noon6927@iitp.ac.in,6302762515,50.0/112.0,1401CS75,,,Option B,Option C,,,Option D,,Option B,,Option D,Option A,,Option D,Option B,Option D,Option C,,,,Option B,Option A,Option A,Option D,,Option A,Option C,Option D,"[14, 3, 11]"
07-08-2021 12:21,samara_evans677@gmail.com,115 / 140,Samara Evans,samara_evans616@iitp.ac.in,8989444396,92.0/112.0,1401ME81,Option A,Option D,Option B,Option C,Option B,Option C,Option D,Option D,Option A,,Option C,,Option D,Option D,Option B,Option D,Option C,Option D,Option B,Option D,,Option A,Option A,Option D,,Option A,,Option D,"[23, 0, 5]"
07-08-2021 12:21,andie_gilmore7470@ubusive.com,115 / 140,Andie Gilmore,andie_gilmore636@iitp.ac.in,9569549730,86.0/112.0,1401CE02,Option A,,Option B,Option C,Option C,Option C,Option A,Option D,,Option A,Option D,Option A,Option D,Option D,Option B,Option D,Option C,Option D,Option B,Option D,Option A,Option A,Option A,Option D,Option D,Option A,Option C,Option D,"[23, 3, 2]"
07-08-2021 12:21,vera_thorne7819@twipet.com,115 / 140,Vera Thorne,vera_thorne1771@iitp.ac.in,9498370100,84.0/112.0,1401ME26,Option A,Option D,Option B,Option C,Option D,Option C,Option A,Option D,,Option A,Option C,Option A,Option D,Option D,Option B,Option D,Option C,Option D,Option B,Option D,Option A,Option B,Option A,Option D,Option B,Option A,Option C,Option D,"[23, 4, 1]"
07-08-2021 12:21,sofie_reese6697@jiman.org,85 / 140,Sofie Reese,sofie_reese7187@iitp.ac.in,9027949013,64.0/112.0,1401CE62,,,Option B,Option C,,Option C,Option D,Option B,,,Option C,Option A,Option D,,Option B,Option D,Option C,Option D,,,Option A,Option B,Option A,Option D,Option D,Option A,Option C,,"[17, 2, 9]"
07-08-2021 12:22,ramon_murray3074@fuliss.net,80 / 140,Ramon Murray,ramon_murray3130@iitp.ac.in,9935684929,58.0/112.0,1401EE34,Option A,,Option B,Option C,Option B,Option C,Option D,,,Option A,,,Option D,,Option C,Option D,Option C,Option D,Option D,,Option D,,Option A,Option D,Option D,Option A,,Option D,"[16, 3, 9]"
07-08-2021 12:22,martin_aldridge1582@brety.org,135 / 140,Martin Aldridge,martin_aldridge2528@iitp.ac.in,8421651385,106.0/112.0,1401MM19,Option A,Option D,Option B,Option C,Option B,Option C,Option D,Option D,Option A,Option A,Option B,Option A,Option D,Option D,Option B,Option D,Option C,Option D,Option B,Option D,Option A,Option A,Option A,Option D,Option D,Option A,Option C,Option D,"[27, 1, 0]"
07-08-2021 12:22,henry_watt4763@nanoff.biz,95 / 140,Henry Watt,henry_watt5219@iitp.ac.in,9455096201,68.0/112.0,1401CE11,Option A,Option D,,Option C,Option C,Option C,Option D,,Option A,Option B,Option C,Option A,Option D,,Option B,Option D,Option C,Option D,Option B,,Option D,,Option A,Option D,Option D,Option A,Option C,Option B,"[19, 4, 5]"
07-08-2021 12:22,cedrick_reynolds1080@cispeto.com,115 / 140,Cedrick Reynolds,cedrick_reynolds127@iitp.ac.in,8555929824,88.0/112.0,1401EE29,Option A,Option D,,Option C,Option B,Option C,Option D,Option D,Option A,Option A,Option D,Option A,,Option D,Option B,Option D,Option C,Option D,Option B,Option D,,Option A,Option A,Option D,Option D,Option A,Option D,Option D,"[23, 2, 3]"
07-08-2021 12:22,mason_gibson967@acrit.org,85 / 140,Mason Gibson,mason_gibson8473@iitp.ac.in,7301514267,58.0/112.0,1401ME01,Option A,Option D,Option B,Option C,Option B,Option C,,Option D,,Option A,Option C,Option C,Option C,,,Option D,,Option D,,Option D,Option A,Option A,Option B,Option C,Option D,Option A,Option A,Option D,"[17, 5, 6]"
07-08-2021 12:22,nicholas_hogg3198@bauros.biz,60 / 140,Nicholas Hogg,nicholas_hogg7669@iitp.ac.in,9336344082,42.0/112.0,1401MM30,Option A,,Option B,Option C,,Option C,Option A,Option D,,Option A,Option C,Option D,Option D,,,,Option C,,,Option A,,,,Option D,,Option A,,Option D,"[12, 3, 13]"
07-08-2021 12:22,valentina_parker5587@bungar.biz,95 / 140,Valentina Parker,valentina_parker9971@iitp.ac.in,9440719490,74.0/112.0,1401CS25,,,Option B,Option C,,Option C,Option D,,,Option A,Option C,,,Option D,Option B,Option D,Option C,Option D,Option B,,Option D,Option A,Option A,Option D,Option D,Option A,Option C,Option D,"[19, 1, 8]"
07-08-2021 12:22,nina_gilbert992@tonsy.org,50 / 140,Nina Gilbert,nina_gilbert1954@iitp.ac.in,7081750654,4.0/112.0,1401CB43,Option A,Option B,Option B,Option A,Option A,Option A,Option A,Option A,Option A,Option A,Option A,Option A,Option A,Option A,Option A,Option A,Option C,Option A,Option A,Option A,Option A,Option A,Option C,Option D,Option A,Option A,Option A,Option B,"[10, 18, 0]"
07-08-2021 12:22,bryce_clifford4868@bretoux.com,45 / 140,Bryce Clifford,bryce_clifford8003@iitp.ac.in,9565096194,22.0/112.0,1401CS77,Option A,Option B,Option C,,Option C,Option C,,Option D,,,,,,,Option B,Option C,Option C,Option D,,Option D,Option A,Option C,Option C,,,Option A,,Option B,"[9, 7, 12]"
07-08-2021 12:22,alessandra_russell3846@joiniaa.com,95 / 140,Alessandra Russell,alessandra_russell5263@iitp.ac.in,9392562275,70.0/112.0,1401CS81,Option A,,Option B,Option C,,Option C,Option A,Option D,Option A,Option A,,Option A,Option D,Option D,Option B,Option B,Option C,Option D,Option B,Option D,,,Option A,Option D,,Option A,Option C,Option B,"[19, 3, 6]"
07-08-2021 12:22,noah_truscott4150@bauros.biz,40 / 140,Noah Truscott,noah_truscott4564@iitp.ac.in,7763855735,26.0/112.0,1401CB56,Option A,Option D,Option B,,,Option D,,Option B,,Option A,Option C,,,,,,,,,Option D,Option A,,,,,Option A,,Option B,"[8, 3, 17]"
07-08-2021 12:22,benjamin_west5914@fuliss.net,75 / 140,Benjamin West,benjamin_west4899@iitp.ac.in,8058744536,54.0/112.0,1401CB41,Option A,Option D,Option B,Option C,Option B,Option C,,,Option A,Option A,Option B,Option A,Option D,,Option C,,Option C,Option D,,,Option A,,,Option D,,Option A,,Option B,"[15, 3, 10]"
07-08-2021 12:22,rihanna_noach1460@muall.tech,80 / 140,Rihanna Noach,rihanna_noach5907@iitp.ac.in,8235710812,46.0/112.0,1401CB60,Option A,Option D,Option D,Option C,Option B,Option B,Option D,Option D,,Option A,Option C,Option B,Option D,,Option B,Option B,Option C,Option A,,Option D,Option C,Option A,Option A,Option B,Option D,Option A,Option B,Option B,"[16, 9, 3]"
07-08-2021 12:22,lexi_wilcox4501@infotech44.tech,40 / 140,Lexi Wilcox,lexi_wilcox8273@iitp.ac.in,9140225718,26.0/112.0,1401CE65,Option D,,Option B,Option C,,Option C,Option D,,,Option A,,,,,,,,Option D,,,,,,Option C,,Option A,Option A,Option D,"[8, 3, 17]"
07-08-2021 12:22,benny_dickson5188@irrepsy.com,60 / 140,Benny Dickson,benny_dickson4900@iitp.ac.in,8949399208,40.0/112.0,1401CB39,,,Option B,Option C,,Option C,,Option D,,Option A,Option C,Option A,,,Option B,,Option A,Option D,,Option D,Option A,,Option A,Option C,,Option C,Option D,,"[12, 4, 12]"
07-08-2021 12:22,andie_stewart4419@brety.org,45 / 140,Andie Stewart,andie_stewart6437@iitp.ac.in,8707597012,28.0/112.0,1401CE24,Option A,Option D,,,Option B,,,Option D,,,Option C,,,,Option B,,,,Option C,Option B,Option A,,Option A,,Option B,Option A,,Option B,"[9, 4, 15]"
07-08-2021 12:22,phillip_douglas2850@bretoux.com,80 / 140,Phillip Douglas,phillip_douglas9924@iitp.ac.in,7042265780,58.0/112.0,1401CE22,,,,Option C,Option A,Option C,Option D,Option D,,,,Option A,Option D,,Option B,,Option C,Option D,Option C,,Option A,Option D,Option A,Option D,Option D,Option A,Option C,Option D,"[16, 3, 9]"
07-08-2021 12:22,gil_victor7533@bungar.biz,65 / 140,Gil Victor,gil_victor5228@iitp.ac.in,7497052127,42.0/112.0,1401CB27,Option A,,Option B,Option C,,Option B,Option D,,Option A,,Option C,Option D,,,,Option D,Option C,Option D,Option A,Option D,Option B,,Option B,Option D,,,Option C,Option D,"[13, 5, 10]"
07-08-2021 12:22,johnny_horton7882@iatim.tech,75 / 140,Johnny Horton,johnny_horton4977@iitp.ac.in,8779795219,54.0/112.0,1401CS46,,,Option B,Option C,,Option C,,Option D,,Option D,Option C,Option A,,,,Option D,Option C,,Option B,,Option D,Option B,Option A,Option D,Option D,Option A,Option C,Option D,"[15, 3, 10]"
07-08-2021 12:22,jacob_nicolas5444@extex.org,55 / 140,Jacob Nicolas,jacob_nicolas2886@iitp.ac.in,9528929058,32.0/112.0,1401CB28,Option D,Option D,Option B,Option D,,,Option B,,,,Option A,Option A,Option D,Option A,,,Option C,Option D,,,,Option A,Option A,,Option D,Option A,Option B,Option D,"[11, 6, 11]"
07-08-2021 12:22,nicholas_graham9129@ovock.tech,55 / 140,Nicholas Graham,nicholas_graham6943@iitp.ac.in,7763053275,40.0/112.0,1401CE07,Option A,,Option B,,,Option C,,,Option A,,Option D,Option D,,Option D,Option B,,Option C,Option D,,,,Option A,,,,Option A,,Option D,"[11, 2, 15]"
07-08-2021 12:22,iris_yard6560@hourpy.biz,100 / 140,Iris Yard,iris_yard1999@iitp.ac.in,9966432299,80.0/112.0,1401CS50,Option A,Option D,Option B,Option C,,Option C,Option D,,Option A,Option A,,Option A,Option D,Option D,Option B,,Option C,Option D,,Option D,,Option A,,Option D,,Option A,Option C,Option D,"[20, 0, 8]"
07-08-2021 12:22,helen_matthews5352@infotech44.tech,15 / 140,Helen Matthews,helen_matthews674@iitp.ac.in,8989596548,10.0/112.0,1401ME31,,,Option B,,,,Option A,,,,,,,Option D,,,,,,,,,,,,,Option C,,"[3, 1, 24]"
07-08-2021 12:22,samantha_funnell1100@atink.com,120 / 140,Samantha Funnell,samantha_funnell2354@iitp.ac.in,8969507415,94.0/112.0,1401ME05,Option A,Option D,Option B,Option C,Option B,Option C,Option D,Option A,Option A,Option A,,Option A,Option D,Option D,Option B,Option D,Option C,Option D,,Option D,Option A,Option A,Option A,Option D,Option D,Option A,,Option D,"[24, 1, 3]"
07-08-2021 12:22,alex_baldwin3106@deavo.com,70 / 140,Alex Baldwin,alex_baldwin8946@iitp.ac.in,8210737471,50.0/112.0,1401CS07,,,Option B,Option C,Option B,Option C,,,,Option A,Option C,,,Option D,Option D,Option D,,Option D,Option B,,Option D,,Option A,Option D,Option D,Option C,,Option D,"[14, 3, 11]"
07-08-2021 12:22,jacqueline_thomson9885@hourpy.biz,115 / 140,Jacqueline Thomson,jacqueline_thomson8601@iitp.ac.in,8765975963,88.0/112.0,1401EE09,Option A,Option D,Option B,Option C,Option B,Option C,Option D,,Option A,,Option D,Option A,Option D,Option D,Option B,Option D,Option C,Option D,Option B,Option D,,Option A,Option A,Option D,Option D,Option A,Option C,Option B,"[23, 2, 3]"
07-08-2021 12:22,kurt_ross7940@twipet.com,55 / 140,Kurt Ross,kurt_ross2895@iitp.ac.in,7900195823,36.0/112.0,1401ME49,,,Option B,Option C,,,,Option C,,,Option D,Option A,,,Option B,,Option C,Option D,Option A,Option D,,,Option A,Option D,,Option A,Option C,Option A,"[11, 4, 13]"
07-08-2021 12:22,dani_cooper327@liret.org,105 / 140,Dani Cooper,dani_cooper9948@iitp.ac.in,6302376836,72.0/112.0,1401ME37,Option A,Option D,Option B,Option C,,Option C,Option A,Option D,Option A,Option B,Option B,Option A,Option D,Option D,Option B,Option B,Option C,Option D,Option B,Option D,Option A,Option A,Option A,Option D,Option D,Option A,Option B,Option B,"[21, 6, 1]"
07-08-2021 12:22,deborah_casey8007@kideod.biz,80 / 140,Deborah Casey,deborah_casey2728@iitp.ac.in,9325648631,60.0/112.0,1401CS35,Option C,,Option B,Option D,Option B,,,Option D,Option A,,,,,Option D,Option B,Option D,Option C,Option D,,Option D,,Option A,Option A,,Option D,Option A,Option C,Option D,"[16, 2, 10]"
07-08-2021 12:22,havana_isaac1310@bretoux.com,110 / 140,Havana Isaac,havana_isaac8410@iitp.ac.in,9519199509,80.0/112.0,1401MM05,Option A,Option D,Option B,Option C,,Option C,Option A,Option D,,Option A,Option C,Option D,Option D,Option B,Option B,Option D,Option C,Option D,Option B,Option D,Option A,Option B,Option A,Option D,Option D,Option A,Option C,Option D,"[22, 4, 2]"
07-08-2021 12:22,carter_lloyd1388@gembat.biz,125 / 140,Carter Lloyd,carter_lloyd7303@iitp.ac.in,9967365200,94.0/112.0,1401CS05,Option A,Option D,Option B,Option C,Option B,Option C,Option D,Option D,Option D,Option A,Option B,Option A,Option D,Option D,Option B,Option D,Option C,Option D,Option B,Option D,Option A,Option A,Option A,Option D,Option B,Option A,Option C,Option D,"[25, 3, 0]"
07-08-2021 12:22,marjorie_hope8482@ovock.tech,95 / 140,Marjorie Hope,marjorie_hope5323@iitp.ac.in,7877104600,58.0/112.0,1401CE15,Option A,Option B,Option B,Option C,Option C,Option C,Option D,Option D,Option C,Option A,Option B,Option A,Option D,Option C,Option B,Option B,Option C,Option D,Option B,Option A,Option A,Option C,Option A,Option D,Option D,Option A,Option C,Option B,"[19, 9, 0]"
07-08-2021 12:22,sofia_skinner4826@guentu.biz,95 / 140,Sofia Skinner,sofia_skinner4427@iitp.ac.in,9921664051,76.0/112.0,1401EE03,Option A,,Option B,Option C,Option B,Option C,Option D,Option D,,Option A,Option C,Option A,,,Option B,,Option C,Option D,,,Option A,Option A,,Option D,,Option A,Option C,Option D,"[19, 0, 9]"
07-08-2021 12:22,william_mason3694@mafthy.com,125 / 140,William Mason,william_mason7626@iitp.ac.in,7880353432,96.0/112.0,1401ME28,Option A,Option D,Option B,Option C,Option B,Option C,Option D,Option D,Option A,Option A,Option C,Option A,Option D,Option D,Option B,Option D,Option C,Option D,Option A,Option D,Option D,Option A,Option A,Option D,,Option A,Option C,Option D,"[25, 2, 1]"
07-08-2021 12:22,bryce_wilde9925@kideod.biz,40 / 140,Bryce Wilde,bryce_wilde8169@iitp.ac.in,9771859794,28.0/112.0,1401MM22,Option A,,Option B,Option C,,,,,,,Option D,Option D,,,Option B,,Option C,Option D,,,,Option A,,,,,,Option D,"[8, 2, 18]"
07-08-2021 12:22,nick_clayton142@jiman.org,45 / 140,Nick Clayton,nick_clayton1261@iitp.ac.in,9876543215,34.0/112.0,1901CE69,Option A,,,,,,Option D,Option D,Option B,,,Option A,Option D,,Option B,,Option C,Option D,,,,,Option A,,,,,,"[9, 1, 18]"
07-08-2021 12:23,chris_lunt5132@bauros.biz,50 / 140,Chris Lunt,chris_lunt4788@iitp.ac.in,9177466951,32.0/112.0,1401EE19,Option A,,Option B,Option C,Option C,Option C,,,,Option A,Option D,,,,Option B,Option D,,Option A,,,,Option A,,,Option D,Option C,,Option D,"[10, 4, 14]"
07-08-2021 12:23,valentina_snell4052@supunk.biz,45 / 140,Valentina Snell,valentina_snell5918@iitp.ac.in,8004319883,32.0/112.0,1401CE19,,Option D,,Option C,,,Option D,,,Option D,Option C,Option A,,,,Option C,Option C,,,,Option A,,,,,Option A,Option C,,"[9, 2, 17]"
07-08-2021 12:23,denny_whitmore6196@infotech44.tech,85 / 140,Denny Whitmore,denny_whitmore566@iitp.ac.in,7480889813,56.0/112.0,1401CE01,Option A,Option D,,Option C,,Option C,Option D,Option A,Option C,Option A,,Option A,Option B,Option B,Option B,Option D,Option C,Option D,Option B,Option A,,Option B,Option A,Option D,,Option A,Option C,Option D,"[17, 6, 5]"
07-08-2021 12:24,caitlyn_yarwood4974@deavo.com,105 / 140,Caitlyn Yarwood,caitlyn_yarwood7969@iitp.ac.in,9145935787,78.0/112.0,1401EE50,Option A,Option D,Option B,Option C,Option B,Option C,Option D,Option D,Option A,Option A,,Option A,Option B,,Option B,Option D,Option C,Option D,Option B,,,Option B,Option A,Option D,Option B,Option A,Option C,Option D,"[21, 3, 4]"
07-08-2021 12:26,nathan_ebbs6353@bretoux.com,55 / 140,Nathan Ebbs,nathan_ebbs4812@iitp.ac.in,8795972438,44.0/112.0,1401CB64,,,,,,Option C,Option D,Option D,,,,,Option D,Option D,,,Option C,,,Option D,,,Option A,,Option D,Option A,Option C,,"[11, 0, 17]"
07-08-2021 12:46,alan_yarwood8469@twipet.com,55 / 140,Alan Yarwood,alan_yarwood6721@iitp.ac.in,8000822246,44.0/112.0,1401ME08,,,Option B,,,,,,,Option A,,Option A,Option D,,Option B,,Option C,Option D,,,Option A,,,Option D,,Option A,Option C,,"[11, 0, 17]"
